0	0.520
1	0.526
2	0.533
3	0.539
4	0.545
5	0.551
6	0.558
7	0.564
8	0.570
9	0.576
10	0.583
11	0.589
12	0.595
13	0.601
14	0.607
15	0.614
16	0.620
17	0.626
18	0.632
19	0.638
20	0.644
21	0.650
22	0.656
23	0.662
24	0.668
25	0.674
26	0.680
27	0.686
28	0.692
29	0.698
30	0.704
31	0.709
32	0.715
33	0.721
34	0.727
35	0.732
36	0.738
37	0.743
38	0.749
39	0.755
40	0.760
41	0.765
42	0.771
43	0.776
44	0.781
45	0.787
46	0.792
47	0.797
48	0.802
49	0.807
50	0.812
51	0.817
52	0.822
53	0.827
54	0.832
55	0.836
56	0.841
57	0.846
58	0.850
59	0.855
60	0.859
61	0.864
62	0.868
63	0.872
64	0.877
65	0.881
66	0.885
67	0.889
68	0.893
69	0.897
70	0.901
71	0.905
72	0.908
73	0.912
74	0.916
75	0.919
76	0.923
77	0.926
78	0.929
79	0.933
80	0.936
81	0.939
82	0.942
83	0.945
84	0.948
85	0.950
86	0.953
87	0.956
88	0.959
89	0.961
90	0.963
91	0.966
92	0.968
93	0.970
94	0.972
95	0.975
96	0.977
97	0.978
98	0.980
99	0.982
100	0.984
101	0.985
102	0.987
103	0.988
104	0.990
105	0.991
106	0.992
107	0.993
108	0.994
109	0.995
110	0.996
111	0.997
112	0.997
113	0.998
114	0.999
115	0.999
116	0.999
117	1.000
118	1.000
119	1.000
120	1.000
121	1.000
122	1.000
123	1.000
124	0.999
125	0.999
126	0.999
127	0.998
128	0.997
129	0.997
130	0.996
131	0.995
132	0.994
133	0.993
134	0.992
135	0.991
136	0.990
137	0.988
138	0.987
139	0.985
140	0.984
141	0.982
142	0.980
143	0.978
144	0.977
145	0.975
146	0.972
147	0.970
148	0.968
149	0.966
150	0.963
151	0.961
152	0.959
153	0.956
154	0.953
155	0.950
156	0.948
157	0.945
158	0.942
159	0.939
160	0.936
161	0.933
162	0.929
163	0.926
164	0.923
165	0.919
166	0.916
167	0.912
168	0.908
169	0.905
170	0.901
171	0.897
172	0.893
173	0.889
174	0.885
175	0.881
176	0.877
177	0.872
178	0.868
179	0.864
180	0.859
181	0.855
182	0.850
183	0.846
184	0.841
185	0.836
186	0.832
187	0.827
188	0.822
189	0.817
190	0.812
191	0.807
192	0.802
193	0.797
194	0.792
195	0.787
196	0.781
197	0.776
198	0.771
199	0.765
200	0.760
201	0.755
202	0.749
203	0.743
204	0.738
205	0.732
206	0.727
207	0.721
208	0.715
209	0.709
210	0.704
211	0.698
212	0.692
213	0.686
214	0.680
215	0.674
216	0.668
217	0.662
218	0.656
219	0.650
220	0.644
221	0.638
222	0.632
223	0.626
224	0.620
225	0.614
226	0.607
227	0.601
228	0.595
229	0.589
230	0.583
231	0.576
232	0.570
233	0.564
234	0.558
235	0.551
236	0.545
237	0.539
238	0.533
239	0.526
240	0.520
241	0.514
242	0.507
243	0.501
244	0.495
245	0.489
246	0.482
247	0.476
248	0.470
249	0.464
250	0.457
251	0.451
252	0.445
253	0.439
254	0.433
255	0.426
256	0.420
257	0.414
258	0.408
259	0.402
260	0.396
261	0.390
262	0.384
263	0.378
264	0.372
265	0.366
266	0.360
267	0.354
268	0.348
269	0.342
270	0.336
271	0.331
272	0.325
273	0.319
274	0.313
275	0.308
276	0.302
277	0.297
278	0.291
279	0.285
280	0.280
281	0.275
282	0.269
283	0.264
284	0.259
285	0.253
286	0.248
287	0.243
288	0.238
289	0.233
290	0.228
291	0.223
292	0.218
293	0.213
294	0.208
295	0.204
296	0.199
297	0.194
298	0.190
299	0.185
300	0.181
301	0.176
302	0.172
303	0.168
304	0.163
305	0.159
306	0.155
307	0.151
308	0.147
309	0.143
310	0.139
311	0.135
312	0.132
313	0.128
314	0.124
315	0.121
316	0.117
317	0.114
318	0.111
319	0.107
320	0.104
321	0.101
322	0.098
323	0.095
324	0.092
325	0.090
326	0.087
327	0.084
328	0.081
329	0.079
330	0.077
331	0.074
332	0.072
333	0.070
334	0.068
335	0.065
336	0.063
337	0.062
338	0.060
339	0.058
340	0.056
341	0.055
342	0.053
343	0.052
344	0.050
345	0.049
346	0.048
347	0.047
348	0.046
349	0.045
350	0.044
351	0.043
352	0.043
353	0.042
354	0.041
355	0.041
356	0.041
357	0.040
358	0.040
359	0.040
360	0.040
361	0.040
362	0.040
363	0.040
364	0.041
365	0.041
366	0.041
367	0.042
368	0.043
369	0.043
370	0.044
371	0.045
372	0.046
373	0.047
374	0.048
375	0.049
376	0.050
377	0.052
378	0.053
379	0.055
380	0.056
381	0.058
382	0.060
383	0.062
384	0.063
385	0.065
386	0.068
387	0.070
388	0.072
389	0.074
390	0.077
391	0.079
392	0.081
393	0.084
394	0.087
395	0.090
396	0.092
397	0.095
398	0.098
399	0.101
400	0.104
401	0.107
402	0.111
403	0.114
404	0.117
405	0.121
406	0.124
407	0.128
408	0.132
409	0.135
410	0.139
411	0.143
412	0.147
413	0.151
414	0.155
415	0.159
416	0.163
417	0.168
418	0.172
419	0.176
420	0.181
421	0.185
422	0.190
423	0.194
424	0.199
425	0.204
426	0.208
427	0.213
428	0.218
429	0.223
430	0.228
431	0.233
432	0.238
433	0.243
434	0.248
435	0.253
436	0.259
437	0.264
438	0.269
439	0.275
440	0.280
441	0.285
442	0.291
443	0.297
444	0.302
445	0.308
446	0.313
447	0.319
448	0.325
449	0.331
450	0.336
451	0.342
452	0.348
453	0.354
454	0.360
455	0.366
456	0.372
457	0.378
458	0.384
459	0.390
460	0.396
461	0.402
462	0.408
463	0.414
464	0.420
465	0.426
466	0.433
467	0.439
468	0.445
469	0.451
470	0.457
471	0.464
472	0.470
473	0.476
474	0.482
475	0.489
476	0.495
477	0.501
478	0.507
479	0.514
480	0.520
481	0.526
482	0.533
483	0.539
484	0.545
485	0.551
486	0.558
487	0.564
488	0.570
489	0.576
490	0.583
491	0.589
492	0.595
493	0.601
494	0.607
495	0.614
496	0.620
497	0.626
498	0.632
499	0.638
500	0.644
501	0.650
502	0.656
503	0.662
504	0.668
505	0.674
506	0.680
507	0.686
508	0.692
509	0.698
510	0.704
511	0.709
512	0.715
513	0.721
514	0.727
515	0.732
516	0.738
517	0.743
518	0.749
519	0.755
520	0.760
521	0.765
522	0.771
523	0.776
524	0.781
525	0.787
526	0.792
527	0.797
528	0.802
529	0.807
530	0.812
531	0.817
532	0.822
533	0.827
534	0.832
535	0.836
536	0.841
537	0.846
538	0.850
539	0.855
540	0.859
541	0.864
542	0.868
543	0.872
544	0.877
545	0.881
546	0.885
547	0.889
548	0.893
549	0.897
550	0.901
551	0.905
552	0.908
553	0.912
554	0.916
555	0.919
556	0.923
557	0.926
558	0.929
559	0.933
560	0.936
561	0.939
562	0.942
563	0.945
564	0.948
565	0.950
566	0.953
567	0.956
568	0.959
569	0.961
570	0.963
571	0.966
572	0.968
573	0.970
574	0.972
575	0.975
576	0.977
577	0.978
578	0.980
579	0.982
580	0.984
581	0.985
582	0.987
583	0.988
584	0.990
585	0.991
586	0.992
587	0.993
588	0.994
589	0.995
590	0.996
591	0.997
592	0.997
593	0.998
594	0.999
595	0.999
596	0.999
597	1.000
598	1.000
599	1.000
600	1.000
601	1.000
602	1.000
603	1.000
604	0.999
605	0.999
606	0.999
607	0.998
608	0.997
609	0.997
610	0.996
611	0.995
612	0.994
613	0.993
614	0.992
615	0.991
616	0.990
617	0.988
618	0.987
619	0.985
620	0.984
621	0.982
622	0.980
623	0.978
624	0.977
625	0.975
626	0.972
627	0.970
628	0.968
629	0.966
630	0.963
631	0.961
632	0.959
633	0.956
634	0.953
635	0.950
636	0.948
637	0.945
638	0.942
639	0.939
640	0.936
641	0.933
642	0.929
643	0.926
644	0.923
645	0.919
646	0.916
647	0.912
648	0.908
649	0.905
650	0.901
651	0.897
652	0.893
653	0.889
654	0.885
655	0.881
656	0.877
657	0.872
658	0.868
659	0.864
660	0.859
661	0.855
662	0.850
663	0.846
664	0.841
665	0.836
666	0.832
667	0.827
668	0.822
669	0.817
670	0.812
671	0.807
672	0.802
673	0.797
674	0.792
675	0.787
676	0.781
677	0.776
678	0.771
679	0.765
680	0.760
681	0.755
682	0.749
683	0.743
684	0.738
685	0.732
686	0.727
687	0.721
688	0.715
689	0.709
690	0.704
691	0.698
692	0.692
693	0.686
694	0.680
695	0.674
696	0.668
697	0.662
698	0.656
699	0.650
700	0.644
701	0.638
702	0.632
703	0.626
704	0.620
705	0.614
706	0.607
707	0.601
708	0.595
709	0.589
710	0.583
711	0.576
712	0.570
713	0.564
714	0.558
715	0.551
716	0.545
717	0.539
718	0.533
719	0.526
720	0.520
721	0.514
722	0.507
723	0.501
724	0.495
725	0.489
726	0.482
727	0.476
728	0.470
729	0.464
730	0.457
731	0.451
732	0.445
733	0.439
734	0.433
735	0.426
736	0.420
737	0.414
738	0.408
739	0.402
740	0.396
741	0.390
742	0.384
743	0.378
744	0.372
745	0.366
746	0.360
747	0.354
748	0.348
749	0.342
750	0.336
751	0.331
752	0.325
753	0.319
754	0.313
755	0.308
756	0.302
757	0.297
758	0.291
759	0.285
760	0.280
761	0.275
762	0.269
763	0.264
764	0.259
765	0.253
766	0.248
767	0.243
768	0.238
769	0.233
770	0.228
771	0.223
772	0.218
773	0.213
774	0.208
775	0.204
776	0.199
777	0.194
778	0.190
779	0.185
780	0.181
781	0.176
782	0.172
783	0.168
784	0.163
785	0.159
786	0.155
787	0.151
788	0.147
789	0.143
790	0.139
791	0.135
792	0.132
793	0.128
794	0.124
795	0.121
796	0.117
797	0.114
798	0.111
799	0.107
800	0.104
801	0.101
802	0.098
803	0.095
804	0.092
805	0.090
806	0.087
807	0.084
808	0.081
809	0.079
810	0.077
811	0.074
812	0.072
813	0.070
814	0.068
815	0.065
816	0.063
817	0.062
818	0.060
819	0.058
820	0.056
821	0.055
822	0.053
823	0.052
824	0.050
825	0.049
826	0.048
827	0.047
828	0.046
829	0.045
830	0.044
831	0.043
832	0.043
833	0.042
834	0.041
835	0.041
836	0.041
837	0.040
838	0.040
839	0.040
840	0.040
841	0.040
842	0.040
843	0.040
844	0.041
845	0.041
846	0.041
847	0.042
848	0.043
849	0.043
850	0.044
851	0.045
852	0.046
853	0.047
854	0.048
855	0.049
856	0.050
857	0.052
858	0.053
859	0.055
860	0.056
861	0.058
862	0.060
863	0.062
864	0.063
865	0.065
866	0.068
867	0.070
868	0.072
869	0.074
870	0.077
871	0.079
872	0.081
873	0.084
874	0.087
875	0.090
876	0.092
877	0.095
878	0.098
879	0.101
880	0.104
881	0.107
882	0.111
883	0.114
884	0.117
885	0.121
886	0.124
887	0.128
888	0.132
889	0.135
890	0.139
891	0.143
892	0.147
893	0.151
894	0.155
895	0.159
896	0.163
897	0.168
898	0.172
899	0.176
900	0.181
901	0.185
902	0.190
903	0.194
904	0.199
905	0.204
906	0.208
907	0.213
908	0.218
909	0.223
910	0.228
911	0.233
912	0.238
913	0.243
914	0.248
915	0.253
916	0.259
917	0.264
918	0.269
919	0.275
920	0.280
921	0.285
922	0.291
923	0.297
924	0.302
925	0.308
926	0.313
927	0.319
928	0.325
929	0.331
930	0.336
931	0.342
932	0.348
933	0.354
934	0.360
935	0.366
936	0.372
937	0.378
938	0.384
939	0.390
940	0.396
941	0.402
942	0.408
943	0.414
944	0.420
945	0.426
946	0.433
947	0.439
948	0.445
949	0.451
950	0.457
951	0.464
952	0.470
953	0.476
954	0.482
955	0.489
956	0.495
957	0.501
958	0.507
959	0.514
960	0.520
961	0.526
962	0.533
963	0.539
964	0.545
965	0.551
966	0.558
967	0.564
968	0.570
969	0.576
970	0.583
971	0.589
972	0.595
973	0.601
974	0.607
975	0.614
976	0.620
977	0.626
978	0.632
979	0.638
980	0.644
981	0.650
982	0.656
983	0.662
984	0.668
985	0.674
986	0.680
987	0.686
988	0.692
989	0.698
990	0.704
991	0.709
992	0.715
993	0.721
994	0.727
995	0.732
996	0.738
997	0.743
998	0.749
999	0.755
1000	0.760
1001	0.765
1002	0.771
1003	0.776
1004	0.781
1005	0.787
1006	0.792
1007	0.797
1008	0.802
1009	0.807
1010	0.812
1011	0.817
1012	0.822
1013	0.827
1014	0.832
1015	0.836
1016	0.841
1017	0.846
1018	0.850
1019	0.855
1020	0.859
1021	0.864
1022	0.868
1023	0.872
1024	0.877
1025	0.881
1026	0.885
1027	0.889
1028	0.893
1029	0.897
1030	0.901
1031	0.905
1032	0.908
1033	0.912
1034	0.916
1035	0.919
1036	0.923
1037	0.926
1038	0.929
1039	0.933
1040	0.936
1041	0.939
1042	0.942
1043	0.945
1044	0.948
1045	0.950
1046	0.953
1047	0.956
1048	0.959
1049	0.961
1050	0.963
1051	0.966
1052	0.968
1053	0.970
1054	0.972
1055	0.975
1056	0.977
1057	0.978
1058	0.980
1059	0.982
1060	0.984
1061	0.985
1062	0.987
1063	0.988
1064	0.990
1065	0.991
1066	0.992
1067	0.993
1068	0.994
1069	0.995
1070	0.996
1071	0.997
1072	0.997
1073	0.998
1074	0.999
1075	0.999
1076	0.999
1077	1.000
1078	1.000
1079	1.000
1080	1.000
1081	1.000
1082	1.000
1083	1.000
1084	0.999
1085	0.999
1086	0.999
1087	0.998
1088	0.997
1089	0.997
1090	0.996
1091	0.995
1092	0.994
1093	0.993
1094	0.992
1095	0.991
1096	0.990
1097	0.988
1098	0.987
1099	0.985
1100	0.984
1101	0.982
1102	0.980
1103	0.978
1104	0.977
1105	0.975
1106	0.972
1107	0.970
1108	0.968
1109	0.966
1110	0.963
1111	0.961
1112	0.959
1113	0.956
1114	0.953
1115	0.950
1116	0.948
1117	0.945
1118	0.942
1119	0.939
1120	0.936
1121	0.933
1122	0.929
1123	0.926
1124	0.923
1125	0.919
1126	0.916
1127	0.912
1128	0.908
1129	0.905
1130	0.901
1131	0.897
1132	0.893
1133	0.889
1134	0.885
1135	0.881
1136	0.877
1137	0.872
1138	0.868
1139	0.864
1140	0.859
1141	0.855
1142	0.850
1143	0.846
1144	0.841
1145	0.836
1146	0.832
1147	0.827
1148	0.822
1149	0.817
1150	0.812
1151	0.807
1152	0.802
1153	0.797
1154	0.792
1155	0.787
1156	0.781
1157	0.776
1158	0.771
1159	0.765
1160	0.760
1161	0.755
1162	0.749
1163	0.743
1164	0.738
1165	0.732
1166	0.727
1167	0.721
1168	0.715
1169	0.709
1170	0.704
1171	0.698
1172	0.692
1173	0.686
1174	0.680
1175	0.674
1176	0.668
1177	0.662
1178	0.656
1179	0.650
1180	0.644
1181	0.638
1182	0.632
1183	0.626
1184	0.620
1185	0.614
1186	0.607
1187	0.601
1188	0.595
1189	0.589
1190	0.583
1191	0.576
1192	0.570
1193	0.564
1194	0.558
1195	0.551
1196	0.545
1197	0.539
1198	0.533
1199	0.526
1200	0.520
1201	0.514
1202	0.507
1203	0.501
1204	0.495
1205	0.489
1206	0.482
1207	0.476
1208	0.470
1209	0.464
1210	0.457
1211	0.451
1212	0.445
1213	0.439
1214	0.433
1215	0.426
1216	0.420
1217	0.414
1218	0.408
1219	0.402
1220	0.396
1221	0.390
1222	0.384
1223	0.378
1224	0.372
1225	0.366
1226	0.360
1227	0.354
1228	0.348
1229	0.342
1230	0.336
1231	0.331
1232	0.325
1233	0.319
1234	0.313
1235	0.308
1236	0.302
1237	0.297
1238	0.291
1239	0.285
1240	0.280
1241	0.275
1242	0.269
1243	0.264
1244	0.259
1245	0.253
1246	0.248
1247	0.243
1248	0.238
1249	0.233
1250	0.228
1251	0.223
1252	0.218
1253	0.213
1254	0.208
1255	0.204
1256	0.199
1257	0.194
1258	0.190
1259	0.185
1260	0.181
1261	0.176
1262	0.172
1263	0.168
1264	0.163
1265	0.159
1266	0.155
1267	0.151
1268	0.147
1269	0.143
1270	0.139
1271	0.135
1272	0.132
1273	0.128
1274	0.124
1275	0.121
1276	0.117
1277	0.114
1278	0.111
1279	0.107
1280	0.104
1281	0.101
1282	0.098
1283	0.095
1284	0.092
1285	0.090
1286	0.087
1287	0.084
1288	0.081
1289	0.079
1290	0.077
1291	0.074
1292	0.072
1293	0.070
1294	0.068
1295	0.065
1296	0.063
1297	0.062
1298	0.060
1299	0.058
1300	0.056
1301	0.055
1302	0.053
1303	0.052
1304	0.050
1305	0.049
1306	0.048
1307	0.047
1308	0.046
1309	0.045
1310	0.044
1311	0.043
1312	0.043
1313	0.042
1314	0.041
1315	0.041
1316	0.041
1317	0.040
1318	0.040
1319	0.040
1320	0.040
1321	0.040
1322	0.040
1323	0.040
1324	0.041
1325	0.041
1326	0.041
1327	0.042
1328	0.043
1329	0.043
1330	0.044
1331	0.045
1332	0.046
1333	0.047
1334	0.048
1335	0.049
1336	0.050
1337	0.052
1338	0.053
1339	0.055
1340	0.056
1341	0.058
1342	0.060
1343	0.062
1344	0.063
1345	0.065
1346	0.068
1347	0.070
1348	0.072
1349	0.074
1350	0.077
1351	0.079
1352	0.081
1353	0.084
1354	0.087
1355	0.090
1356	0.092
1357	0.095
1358	0.098
1359	0.101
1360	0.104
1361	0.107
1362	0.111
1363	0.114
1364	0.117
1365	0.121
1366	0.124
1367	0.128
1368	0.132
1369	0.135
1370	0.139
1371	0.143
1372	0.147
1373	0.151
1374	0.155
1375	0.159
1376	0.163
1377	0.168
1378	0.172
1379	0.176
1380	0.181
1381	0.185
1382	0.190
1383	0.194
1384	0.199
1385	0.204
1386	0.208
1387	0.213
1388	0.218
1389	0.223
1390	0.228
1391	0.233
1392	0.238
1393	0.243
1394	0.248
1395	0.253
1396	0.259
1397	0.264
1398	0.269
1399	0.275
1400	0.280
1401	0.285
1402	0.291
1403	0.297
1404	0.302
1405	0.308
1406	0.313
1407	0.319
1408	0.325
1409	0.331
1410	0.336
1411	0.342
1412	0.348
1413	0.354
1414	0.360
1415	0.366
1416	0.372
1417	0.378
1418	0.384
1419	0.390
1420	0.396
1421	0.402
1422	0.408
1423	0.414
1424	0.420
1425	0.426
1426	0.433
1427	0.439
1428	0.445
1429	0.451
1430	0.457
1431	0.464
1432	0.470
1433	0.476
1434	0.482
1435	0.489
1436	0.495
1437	0.501
1438	0.507
1439	0.514
1440	0.520
1441	0.526
1442	0.533
1443	0.539
1444	0.545
1445	0.551
1446	0.558
1447	0.564
1448	0.570
1449	0.576
1450	0.583
1451	0.589
1452	0.595
1453	0.601
1454	0.607
1455	0.614
1456	0.620
1457	0.626
1458	0.632
1459	0.638
1460	0.644
1461	0.650
1462	0.656
1463	0.662
1464	0.668
1465	0.674
1466	0.680
1467	0.686
1468	0.692
1469	0.698
1470	0.704
1471	0.709
1472	0.715
1473	0.721
1474	0.727
1475	0.732
1476	0.738
1477	0.743
1478	0.749
1479	0.755
1480	0.760
1481	0.765
1482	0.771
1483	0.776
1484	0.781
1485	0.787
1486	0.792
1487	0.797
1488	0.802
1489	0.807
1490	0.812
1491	0.817
1492	0.822
1493	0.827
1494	0.832
1495	0.836
1496	0.841
1497	0.846
1498	0.850
1499	0.855
1500	0.859
1501	0.864
1502	0.868
1503	0.872
1504	0.877
1505	0.881
1506	0.885
1507	0.889
1508	0.893
1509	0.897
1510	0.901
1511	0.905
1512	0.908
1513	0.912
1514	0.916
1515	0.919
1516	0.923
1517	0.926
1518	0.929
1519	0.933
1520	0.936
1521	0.939
1522	0.942
1523	0.945
1524	0.948
1525	0.950
1526	0.953
1527	0.956
1528	0.959
1529	0.961
1530	0.963
1531	0.966
1532	0.968
1533	0.970
1534	0.972
1535	0.975
1536	0.977
1537	0.978
1538	0.980
1539	0.982
1540	0.984
1541	0.985
1542	0.987
1543	0.988
1544	0.990
1545	0.991
1546	0.992
1547	0.993
1548	0.994
1549	0.995
1550	0.996
1551	0.997
1552	0.997
1553	0.998
1554	0.999
1555	0.999
1556	0.999
1557	1.000
1558	1.000
1559	1.000
1560	1.000
1561	1.000
1562	1.000
1563	1.000
1564	0.999
1565	0.999
1566	0.999
1567	0.998
1568	0.997
1569	0.997
1570	0.996
1571	0.995
1572	0.994
1573	0.993
1574	0.992
1575	0.991
1576	0.990
1577	0.988
1578	0.987
1579	0.985
1580	0.984
1581	0.982
1582	0.980
1583	0.978
1584	0.977
1585	0.975
1586	0.972
1587	0.970
1588	0.968
1589	0.966
1590	0.963
1591	0.961
1592	0.959
1593	0.956
1594	0.953
1595	0.950
1596	0.948
1597	0.945
1598	0.942
1599	0.939
1600	0.936
1601	0.933
1602	0.929
1603	0.926
1604	0.923
1605	0.919
1606	0.916
1607	0.912
1608	0.908
1609	0.905
1610	0.901
1611	0.897
1612	0.893
1613	0.889
1614	0.885
1615	0.881
1616	0.877
1617	0.872
1618	0.868
1619	0.864
1620	0.859
1621	0.855
1622	0.850
1623	0.846
1624	0.841
1625	0.836
1626	0.832
1627	0.827
1628	0.822
1629	0.817
1630	0.812
1631	0.807
1632	0.802
1633	0.797
1634	0.792
1635	0.787
1636	0.781
1637	0.776
1638	0.771
1639	0.765
1640	0.760
1641	0.755
1642	0.749
1643	0.743
1644	0.738
1645	0.732
1646	0.727
1647	0.721
1648	0.715
1649	0.709
1650	0.704
1651	0.698
1652	0.692
1653	0.686
1654	0.680
1655	0.674
1656	0.668
1657	0.662
1658	0.656
1659	0.650
1660	0.644
1661	0.638
1662	0.632
1663	0.626
1664	0.620
1665	0.614
1666	0.607
1667	0.601
1668	0.595
1669	0.589
1670	0.583
1671	0.576
1672	0.570
1673	0.564
1674	0.558
1675	0.551
1676	0.545
1677	0.539
1678	0.533
1679	0.526
1680	0.520
1681	0.514
1682	0.507
1683	0.501
1684	0.495
1685	0.489
1686	0.482
1687	0.476
1688	0.470
1689	0.464
1690	0.457
1691	0.451
1692	0.445
1693	0.439
1694	0.433
1695	0.426
1696	0.420
1697	0.414
1698	0.408
1699	0.402
1700	0.396
1701	0.390
1702	0.384
1703	0.378
1704	0.372
1705	0.366
1706	0.360
1707	0.354
1708	0.348
1709	0.342
1710	0.336
1711	0.331
1712	0.325
1713	0.319
1714	0.313
1715	0.308
1716	0.302
1717	0.297
1718	0.291
1719	0.285
1720	0.280
1721	0.275
1722	0.269
1723	0.264
1724	0.259
1725	0.253
1726	0.248
1727	0.243
1728	0.238
1729	0.233
1730	0.228
1731	0.223
1732	0.218
1733	0.213
1734	0.208
1735	0.204
1736	0.199
1737	0.194
1738	0.190
1739	0.185
1740	0.181
1741	0.176
1742	0.172
1743	0.168
1744	0.163
1745	0.159
1746	0.155
1747	0.151
1748	0.147
1749	0.143
1750	0.139
1751	0.135
1752	0.132
1753	0.128
1754	0.124
1755	0.121
1756	0.117
1757	0.114
1758	0.111
1759	0.107
1760	0.104
1761	0.101
1762	0.098
1763	0.095
1764	0.092
1765	0.090
1766	0.087
1767	0.084
1768	0.081
1769	0.079
1770	0.077
1771	0.074
1772	0.072
1773	0.070
1774	0.068
1775	0.065
1776	0.063
1777	0.062
1778	0.060
1779	0.058
1780	0.056
1781	0.055
1782	0.053
1783	0.052
1784	0.050
1785	0.049
1786	0.048
1787	0.047
1788	0.046
1789	0.045
1790	0.044
1791	0.043
1792	0.043
1793	0.042
1794	0.041
1795	0.041
1796	0.041
1797	0.040
1798	0.040
1799	0.040
1800	0.040
1801	0.040
1802	0.040
1803	0.040
1804	0.041
1805	0.041
1806	0.041
1807	0.042
1808	0.043
1809	0.043
1810	0.044
1811	0.045
1812	0.046
1813	0.047
1814	0.048
1815	0.049
1816	0.050
1817	0.052
1818	0.053
1819	0.055
1820	0.056
1821	0.058
1822	0.060
1823	0.062
1824	0.063
1825	0.065
1826	0.068
1827	0.070
1828	0.072
1829	0.074
1830	0.077
1831	0.079
1832	0.081
1833	0.084
1834	0.087
1835	0.090
1836	0.092
1837	0.095
1838	0.098
1839	0.101
1840	0.104
1841	0.107
1842	0.111
1843	0.114
1844	0.117
1845	0.121
1846	0.124
1847	0.128
1848	0.132
1849	0.135
1850	0.139
1851	0.143
1852	0.147
1853	0.151
1854	0.155
1855	0.159
1856	0.163
1857	0.168
1858	0.172
1859	0.176
1860	0.181
1861	0.185
1862	0.190
1863	0.194
1864	0.199
1865	0.204
1866	0.208
1867	0.213
1868	0.218
1869	0.223
1870	0.228
1871	0.233
1872	0.238
1873	0.243
1874	0.248
1875	0.253
1876	0.259
1877	0.264
1878	0.269
1879	0.275
1880	0.280
1881	0.285
1882	0.291
1883	0.297
1884	0.302
1885	0.308
1886	0.313
1887	0.319
1888	0.325
1889	0.331
1890	0.336
1891	0.342
1892	0.348
1893	0.354
1894	0.360
1895	0.366
1896	0.372
1897	0.378
1898	0.384
1899	0.390
1900	0.396
1901	0.402
1902	0.408
1903	0.414
1904	0.420
1905	0.426
1906	0.433
1907	0.439
1908	0.445
1909	0.451
1910	0.457
1911	0.464
1912	0.470
1913	0.476
1914	0.482
1915	0.489
1916	0.495
1917	0.501
1918	0.507
1919	0.514
1920	0.520
1921	0.526
1922	0.533
1923	0.539
1924	0.545
1925	0.551
1926	0.558
1927	0.564
1928	0.570
1929	0.576
1930	0.583
1931	0.589
1932	0.595
1933	0.601
1934	0.607
1935	0.614
1936	0.620
1937	0.626
1938	0.632
1939	0.638
1940	0.644
1941	0.650
1942	0.656
1943	0.662
1944	0.668
1945	0.674
1946	0.680
1947	0.686
1948	0.692
1949	0.698
1950	0.704
1951	0.709
1952	0.715
1953	0.721
1954	0.727
1955	0.732
1956	0.738
1957	0.743
1958	0.749
1959	0.755
1960	0.760
1961	0.765
1962	0.771
1963	0.776
1964	0.781
1965	0.787
1966	0.792
1967	0.797
1968	0.802
1969	0.807
1970	0.812
1971	0.817
1972	0.822
1973	0.827
1974	0.832
1975	0.836
1976	0.841
1977	0.846
1978	0.850
1979	0.855
1980	0.859
1981	0.864
1982	0.868
1983	0.872
1984	0.877
1985	0.881
1986	0.885
1987	0.889
1988	0.893
1989	0.897
1990	0.901
1991	0.905
1992	0.908
1993	0.912
1994	0.916
1995	0.919
1996	0.923
1997	0.926
1998	0.929
1999	0.933
2000	0.936
2001	0.939
2002	0.942
2003	0.945
2004	0.948
2005	0.950
2006	0.953
2007	0.956
2008	0.959
2009	0.961
2010	0.963
2011	0.966
2012	0.968
2013	0.970
2014	0.972
2015	0.975
2016	0.977
2017	0.978
2018	0.980
2019	0.982
2020	0.984
2021	0.985
2022	0.987
2023	0.988
2024	0.990
2025	0.991
2026	0.992
2027	0.993
2028	0.994
2029	0.995
2030	0.996
2031	0.997
2032	0.997
2033	0.998
2034	0.999
2035	0.999
2036	0.999
2037	1.000
2038	1.000
2039	1.000
2040	1.000
2041	1.000
2042	1.000
2043	1.000
2044	0.999
2045	0.999
2046	0.999
2047	0.998
