0	158.528
1	1.749
2	0.725
3	1.674
4	1.087
5	1.709
6	1.245
7	1.682
8	1.349
9	1.651
10	1.409
11	1.629
12	1.407
13	1.602
14	1.430
15	1.597
16	1.397
17	1.564
18	1.409
19	1.504
20	1.391
21	1.487
22	1.383
23	1.423
24	1.388
25	1.378
26	1.350
27	1.372
28	1.320
29	1.333
30	1.286
31	1.321
32	1.285
33	1.246
34	1.311
35	1.203
36	1.253
37	1.230
38	1.241
39	1.172
40	1.238
41	1.179
42	1.164
43	1.196
44	1.178
45	1.136
46	1.171
47	1.144
48	1.139
49	1.126
50	1.161
51	1.096
52	1.134
53	1.096
54	1.144
55	1.070
56	1.133
57	1.075
58	1.107
59	1.075
60	1.102
61	1.084
62	1.080
63	1.083
64	1.079
65	1.066
66	1.083
67	1.062
68	1.081
69	1.049
70	1.086
71	1.047
72	1.077
73	1.047
74	1.067
75	1.062
76	1.055
77	1.055
78	1.062
79	1.052
80	1.049
81	1.065
82	1.040
83	1.065
84	1.051
85	1.039
86	1.074
87	1.036
88	1.053
89	1.058
90	1.039
91	1.053
92	1.053
93	1.039
94	1.059
95	1.043
96	1.052
97	1.040
98	1.059
99	1.033
100	1.056
101	1.041
102	1.049
103	1.032
104	1.061
105	1.037
106	1.027
107	1.054
108	1.049
109	1.030
110	1.040
111	1.037
112	1.036
113	1.042
114	1.022
115	1.043
116	1.026
117	1.030
118	1.030
119	1.027
120	1.021
121	1.027
122	1.019
123	1.016
124	1.017
125	1.024
126	1.003
127	1.012
128	1.004
129	1.011
130	1.003
131	0.995
132	0.995
133	1.007
134	0.982
135	0.990
136	0.976
137	1.001
138	0.964
139	0.984
140	0.964
141	0.982
142	0.960
143	0.960
144	0.961
145	0.961
146	0.948
147	0.945
148	0.957
149	0.932
150	0.937
151	0.941
152	0.925
153	0.926
154	0.926
155	0.922
156	0.904
157	0.927
158	0.900
159	0.903
160	0.904
161	0.894
162	0.902
163	0.882
164	0.890
165	0.872
166	0.883
167	0.881
168	0.866
169	0.867
170	0.866
171	0.859
172	0.853
173	0.859
174	0.839
175	0.860
176	0.836
177	0.839
178	0.835
179	0.831
180	0.833
181	0.824
182	0.821
183	0.823
184	0.820
185	0.811
186	0.808
187	0.811
188	0.797
189	0.812
190	0.789
191	0.811
192	0.778
193	0.809
194	0.772
195	0.787
196	0.795
197	0.777
198	0.772
199	0.787
200	0.764
201	0.770
202	0.783
203	0.759
204	0.761
205	0.771
206	0.762
207	0.755
208	0.752
209	0.768
210	0.741
211	0.758
212	0.756
213	0.739
214	0.756
215	0.741
216	0.747
217	0.737
218	0.754
219	0.730
220	0.748
221	0.727
222	0.753
223	0.722
224	0.742
225	0.732
226	0.736
227	0.728
228	0.738
229	0.727
230	0.733
231	0.730
232	0.731
233	0.723
234	0.737
235	0.727
236	0.724
237	0.723
238	0.745
239	0.710
240	0.742
241	0.716
242	0.733
243	0.727
244	0.729
245	0.726
246	0.729
247	0.729
248	0.730
249	0.728
250	0.734
251	0.728
252	0.730
253	0.734
254	0.732
255	0.735
256	0.734
257	0.731
258	0.744
259	0.736
260	0.738
261	0.737
262	0.737
263	0.749
264	0.739
265	0.747
266	0.748
267	0.747
268	0.741
269	0.764
270	0.740
271	0.763
272	0.751
273	0.755
274	0.769
275	0.755
276	0.765
277	0.766
278	0.767
279	0.769
280	0.777
281	0.770
282	0.782
283	0.774
284	0.788
285	0.780
286	0.786
287	0.793
288	0.787
289	0.798
290	0.800
291	0.794
292	0.812
293	0.798
294	0.814
295	0.815
296	0.811
297	0.822
298	0.824
299	0.814
300	0.838
301	0.826
302	0.835
303	0.844
304	0.833
305	0.848
306	0.849
307	0.849
308	0.856
309	0.862
310	0.855
311	0.871
312	0.868
313	0.877
314	0.873
315	0.884
316	0.877
317	0.886
318	0.901
319	0.891
320	0.891
321	0.913
322	0.897
323	0.912
324	0.909
325	0.924
326	0.914
327	0.928
328	0.923
329	0.932
330	0.937
331	0.937
332	0.939
333	0.946
334	0.949
335	0.949
336	0.965
337	0.947
338	0.967
339	0.965
340	0.961
341	0.982
342	0.969
343	0.981
344	0.972
345	0.988
346	0.980
347	0.998
348	0.989
349	0.996
350	0.992
351	1.003
352	1.009
353	0.997
354	1.016
355	1.003
356	1.017
357	1.013
358	1.021
359	1.014
360	1.027
361	1.029
362	1.013
363	1.044
364	1.024
365	1.038
366	1.025
367	1.048
368	1.036
369	1.037
370	1.053
371	1.041
372	1.047
373	1.052
374	1.048
375	1.056
376	1.057
377	1.060
378	1.047
379	1.072
380	1.059
381	1.066
382	1.063
383	1.078
384	1.065
385	1.074
386	1.078
387	1.076
388	1.077
389	1.079
390	1.092
391	1.076
392	1.090
393	1.091
394	1.090
395	1.094
396	1.097
397	1.100
398	1.098
399	1.104
400	1.109
401	1.100
402	1.118
403	1.104
404	1.123
405	1.114
406	1.125
407	1.114
408	1.133
409	1.120
410	1.136
411	1.132
412	1.137
413	1.136
414	1.143
415	1.140
416	1.153
417	1.144
418	1.159
419	1.150
420	1.162
421	1.157
422	1.165
423	1.167
424	1.170
425	1.170
426	1.180
427	1.176
428	1.181
429	1.183
430	1.186
431	1.191
432	1.193
433	1.195
434	1.196
435	1.206
436	1.197
437	1.211
438	1.204
439	1.217
440	1.212
441	1.220
442	1.214
443	1.226
444	1.225
445	1.223
446	1.232
447	1.229
448	1.235
449	1.238
450	1.235
451	1.239
452	1.245
453	1.245
454	1.243
455	1.249
456	1.248
457	1.253
458	1.248
459	1.258
460	1.251
461	1.260
462	1.258
463	1.254
464	1.262
465	1.262
466	1.264
467	1.258
468	1.263
469	1.264
470	1.266
471	1.265
472	1.264
473	1.267
474	1.264
475	1.267
476	1.262
477	1.269
478	1.269
479	1.260
480	1.266
481	1.266
482	1.262
483	1.265
484	1.263
485	1.262
486	1.259
487	1.265
488	1.255
489	1.262
490	1.254
491	1.259
492	1.255
493	1.255
494	1.254
495	1.254
496	1.250
497	1.247
498	1.250
499	1.246
500	1.247
501	1.242
502	1.242
503	1.240
504	1.240
505	1.237
506	1.235
507	1.235
508	1.233
509	1.227
510	1.232
511	1.226
512	1.223
513	1.224
514	1.221
515	1.216
516	1.221
517	1.213
518	1.214
519	1.210
520	1.211
521	1.204
522	1.207
523	1.202
524	1.201
525	1.199
526	1.197
527	1.193
528	1.193
529	1.190
530	1.188
531	1.185
532	1.185
533	1.180
534	1.180
535	1.177
536	1.175
537	1.171
538	1.171
539	1.169
540	1.165
541	1.162
542	1.161
543	1.161
544	1.152
545	1.156
546	1.151
547	1.149
548	1.145
549	1.146
550	1.140
551	1.139
552	1.139
553	1.131
554	1.135
555	1.127
556	1.128
557	1.123
558	1.122
559	1.120
560	1.115
561	1.114
562	1.112
563	1.108
564	1.106
565	1.103
566	1.101
567	1.097
568	1.097
569	1.090
570	1.092
571	1.086
572	1.085
573	1.080
574	1.078
575	1.076
576	1.071
577	1.069
578	1.067
579	1.064
580	1.060
581	1.058
582	1.055
583	1.051
584	1.050
585	1.046
586	1.042
587	1.041
588	1.036
589	1.035
590	1.029
591	1.029
592	1.023
593	1.023
594	1.018
595	1.016
596	1.010
597	1.011
598	1.004
599	1.002
600	1.000
601	0.999
602	0.991
603	0.992
604	0.984
605	0.988
606	0.979
607	0.977
608	0.975
609	0.973
610	0.965
611	0.967
612	0.960
613	0.960
614	0.955
615	0.952
616	0.949
617	0.946
618	0.944
619	0.940
620	0.935
621	0.935
622	0.930
623	0.928
624	0.925
625	0.921
626	0.917
627	0.916
628	0.912
629	0.909
630	0.908
631	0.900
632	0.902
633	0.895
634	0.897
635	0.891
636	0.887
637	0.887
638	0.881
639	0.881
640	0.878
641	0.873
642	0.872
643	0.867
644	0.868
645	0.862
646	0.862
647	0.856
648	0.857
649	0.850
650	0.853
651	0.846
652	0.845
653	0.845
654	0.838
655	0.838
656	0.836
657	0.832
658	0.831
659	0.827
660	0.827
661	0.822
662	0.822
663	0.818
664	0.817
665	0.814
666	0.813
667	0.810
668	0.808
669	0.807
670	0.803
671	0.802
672	0.799
673	0.799
674	0.794
675	0.795
676	0.794
677	0.789
678	0.790
679	0.786
680	0.786
681	0.784
682	0.782
683	0.779
684	0.781
685	0.776
686	0.776
687	0.775
688	0.772
689	0.771
690	0.769
691	0.770
692	0.768
693	0.764
694	0.767
695	0.763
696	0.763
697	0.761
698	0.762
699	0.759
700	0.759
701	0.758
702	0.758
703	0.753
704	0.756
705	0.754
706	0.752
707	0.755
708	0.751
709	0.752
710	0.751
711	0.750
712	0.748
713	0.752
714	0.747
715	0.749
716	0.747
717	0.748
718	0.747
719	0.747
720	0.747
721	0.747
722	0.746
723	0.746
724	0.746
725	0.747
726	0.745
727	0.747
728	0.747
729	0.746
730	0.746
731	0.751
732	0.744
733	0.749
734	0.749
735	0.748
736	0.750
737	0.750
738	0.749
739	0.752
740	0.752
741	0.750
742	0.756
743	0.752
744	0.754
745	0.756
746	0.757
747	0.757
748	0.758
749	0.759
750	0.760
751	0.762
752	0.764
753	0.763
754	0.765
755	0.767
756	0.768
757	0.771
758	0.770
759	0.773
760	0.774
761	0.776
762	0.778
763	0.778
764	0.781
765	0.785
766	0.782
767	0.788
768	0.788
769	0.791
770	0.793
771	0.793
772	0.797
773	0.799
774	0.803
775	0.803
776	0.806
777	0.808
778	0.810
779	0.814
780	0.816
781	0.818
782	0.821
783	0.824
784	0.825
785	0.832
786	0.831
787	0.834
788	0.838
789	0.842
790	0.841
791	0.850
792	0.846
793	0.855
794	0.854
795	0.860
796	0.862
797	0.865
798	0.870
799	0.872
800	0.873
801	0.880
802	0.884
803	0.884
804	0.890
805	0.893
806	0.897
807	0.899
808	0.903
809	0.909
810	0.909
811	0.916
812	0.918
813	0.919
814	0.930
815	0.926
816	0.934
817	0.936
818	0.942
819	0.941
820	0.951
821	0.951
822	0.954
823	0.960
824	0.964
825	0.965
826	0.969
827	0.976
828	0.979
829	0.979
830	0.987
831	0.987
832	0.995
833	0.994
834	1.000
835	1.003
836	1.008
837	1.008
838	1.014
839	1.018
840	1.019
841	1.026
842	1.024
843	1.034
844	1.031
845	1.037
846	1.040
847	1.042
848	1.047
849	1.048
850	1.054
851	1.053
852	1.060
853	1.061
854	1.063
855	1.066
856	1.071
857	1.073
858	1.073
859	1.081
860	1.077
861	1.083
862	1.088
863	1.085
864	1.092
865	1.095
866	1.095
867	1.095
868	1.102
869	1.102
870	1.105
871	1.106
872	1.110
873	1.111
874	1.114
875	1.116
876	1.118
877	1.120
878	1.122
879	1.125
880	1.127
881	1.127
882	1.131
883	1.134
884	1.132
885	1.137
886	1.139
887	1.141
888	1.143
889	1.143
890	1.147
891	1.148
892	1.151
893	1.153
894	1.153
895	1.158
896	1.158
897	1.159
898	1.164
899	1.164
900	1.165
901	1.170
902	1.168
903	1.174
904	1.173
905	1.177
906	1.177
907	1.181
908	1.183
909	1.183
910	1.185
911	1.190
912	1.188
913	1.192
914	1.195
915	1.195
916	1.198
917	1.201
918	1.199
919	1.206
920	1.204
921	1.208
922	1.210
923	1.208
924	1.215
925	1.214
926	1.217
927	1.218
928	1.221
929	1.220
930	1.225
931	1.226
932	1.227
933	1.228
934	1.232
935	1.232
936	1.232
937	1.238
938	1.236
939	1.237
940	1.242
941	1.241
942	1.242
943	1.244
944	1.246
945	1.245
946	1.247
947	1.248
948	1.250
949	1.250
950	1.251
951	1.254
952	1.251
953	1.254
954	1.256
955	1.255
956	1.255
957	1.257
958	1.257
959	1.256
960	1.259
961	1.258
962	1.257
963	1.259
964	1.259
965	1.257
966	1.259
967	1.258
968	1.258
969	1.258
970	1.257
971	1.259
972	1.254
973	1.258
974	1.256
975	1.254
976	1.255
977	1.253
978	1.252
979	1.252
980	1.250
981	1.250
982	1.249
983	1.246
984	1.248
985	1.244
986	1.244
987	1.242
988	1.241
989	1.239
990	1.238
991	1.235
992	1.236
993	1.232
994	1.231
995	1.229
996	1.228
997	1.225
998	1.224
999	1.220
1000	1.221
1001	1.215
1002	1.215
1003	1.215
1004	1.209
1005	1.209
1006	1.206
1007	1.204
1008	1.201
1009	1.199
1010	1.196
1011	1.195
1012	1.191
1013	1.189
1014	1.187
1015	1.184
1016	1.182
1017	1.179
1018	1.177
1019	1.174
1020	1.169
1021	1.170
1022	1.165
1023	1.163
1024	1.160
1025	1.159
1026	1.154
1027	1.152
1028	1.150
1029	1.146
1030	1.143
1031	1.141
1032	1.138
1033	1.135
1034	1.132
1035	1.130
1036	1.125
1037	1.123
1038	1.121
1039	1.118
1040	1.115
1041	1.112
1042	1.108
1043	1.106
1044	1.102
1045	1.100
1046	1.097
1047	1.094
1048	1.091
1049	1.087
1050	1.085
1051	1.081
1052	1.080
1053	1.075
1054	1.074
1055	1.069
1056	1.067
1057	1.064
1058	1.061
1059	1.057
1060	1.056
1061	1.050
1062	1.049
1063	1.046
1064	1.042
1065	1.040
1066	1.036
1067	1.033
1068	1.031
1069	1.027
1070	1.023
1071	1.022
1072	1.018
1073	1.015
1074	1.012
1075	1.009
1076	1.006
1077	1.003
1078	1.000
1079	0.997
1080	0.993
1081	0.991
1082	0.987
1083	0.986
1084	0.981
1085	0.980
1086	0.975
1087	0.973
1088	0.969
1089	0.967
1090	0.964
1091	0.960
1092	0.958
1093	0.955
1094	0.953
1095	0.947
1096	0.946
1097	0.945
1098	0.939
1099	0.937
1100	0.936
1101	0.930
1102	0.930
1103	0.925
1104	0.923
1105	0.920
1106	0.918
1107	0.914
1108	0.912
1109	0.908
1110	0.907
1111	0.903
1112	0.900
1113	0.898
1114	0.895
1115	0.892
1116	0.890
1117	0.887
1118	0.884
1119	0.882
1120	0.880
1121	0.876
1122	0.874
1123	0.872
1124	0.868
1125	0.866
1126	0.865
1127	0.860
1128	0.858
1129	0.857
1130	0.853
1131	0.852
1132	0.849
1133	0.847
1134	0.843
1135	0.843
1136	0.838
1137	0.837
1138	0.836
1139	0.832
1140	0.830
1141	0.829
1142	0.825
1143	0.823
1144	0.823
1145	0.818
1146	0.818
1147	0.814
1148	0.814
1149	0.813
1150	0.807
1151	0.808
1152	0.805
1153	0.803
1154	0.801
1155	0.801
1156	0.797
1157	0.795
1158	0.795
1159	0.792
1160	0.790
1161	0.789
1162	0.788
1163	0.784
1164	0.784
1165	0.783
1166	0.781
1167	0.779
1168	0.778
1169	0.777
1170	0.775
1171	0.774
1172	0.771
1173	0.771
1174	0.770
1175	0.768
1176	0.767
1177	0.766
1178	0.766
1179	0.762
1180	0.764
1181	0.760
1182	0.761
1183	0.760
1184	0.758
1185	0.757
1186	0.758
1187	0.755
1188	0.754
1189	0.755
1190	0.753
1191	0.754
1192	0.751
1193	0.752
1194	0.751
1195	0.750
1196	0.749
1197	0.750
1198	0.748
1199	0.749
1200	0.747
1201	0.749
1202	0.746
1203	0.748
1204	0.746
1205	0.748
1206	0.745
1207	0.747
1208	0.746
1209	0.746
1210	0.746
1211	0.746
1212	0.747
1213	0.748
1214	0.745
1215	0.748
1216	0.747
1217	0.748
1218	0.748
1219	0.749
1220	0.750
1221	0.746
1222	0.753
1223	0.749
1224	0.753
1225	0.750
1226	0.753
1227	0.754
1228	0.754
1229	0.754
1230	0.758
1231	0.756
1232	0.758
1233	0.760
1234	0.761
1235	0.760
1236	0.763
1237	0.764
1238	0.766
1239	0.767
1240	0.769
1241	0.768
1242	0.772
1243	0.771
1244	0.775
1245	0.777
1246	0.778
1247	0.778
1248	0.783
1249	0.784
1250	0.784
1251	0.789
1252	0.786
1253	0.795
1254	0.792
1255	0.795
1256	0.799
1257	0.801
1258	0.803
1259	0.806
1260	0.806
1261	0.813
1262	0.812
1263	0.816
1264	0.817
1265	0.823
1266	0.824
1267	0.828
1268	0.830
1269	0.833
1270	0.835
1271	0.842
1272	0.841
1273	0.844
1274	0.852
1275	0.852
1276	0.853
1277	0.863
1278	0.861
1279	0.866
1280	0.870
1281	0.873
1282	0.877
1283	0.882
1284	0.885
1285	0.887
1286	0.892
1287	0.896
1288	0.899
1289	0.905
1290	0.909
1291	0.910
1292	0.917
1293	0.920
1294	0.926
1295	0.925
1296	0.935
1297	0.934
1298	0.943
1299	0.944
1300	0.952
1301	0.951
1302	0.958
1303	0.964
1304	0.964
1305	0.972
1306	0.975
1307	0.978
1308	0.982
1309	0.986
1310	0.992
1311	0.995
1312	0.999
1313	1.005
1314	1.006
1315	1.009
1316	1.017
1317	1.019
1318	1.021
1319	1.026
1320	1.032
1321	1.035
1322	1.034
1323	1.045
1324	1.040
1325	1.051
1326	1.050
1327	1.053
1328	1.061
1329	1.062
1330	1.061
1331	1.068
1332	1.073
1333	1.070
1334	1.079
1335	1.077
1336	1.083
1337	1.083
1338	1.086
1339	1.090
1340	1.092
1341	1.094
1342	1.097
1343	1.098
1344	1.101
1345	1.102
1346	1.104
1347	1.108
1348	1.109
1349	1.111
1350	1.113
1351	1.111
1352	1.121
1353	1.115
1354	1.121
1355	1.122
1356	1.121
1357	1.127
1358	1.126
1359	1.126
1360	1.131
1361	1.130
1362	1.134
1363	1.132
1364	1.136
1365	1.137
1366	1.137
1367	1.141
1368	1.140
1369	1.142
1370	1.143
1371	1.147
1372	1.144
1373	1.150
1374	1.149
1375	1.154
1376	1.150
1377	1.155
1378	1.155
1379	1.159
1380	1.156
1381	1.163
1382	1.161
1383	1.163
1384	1.165
1385	1.169
1386	1.167
1387	1.170
1388	1.174
1389	1.173
1390	1.175
1391	1.177
1392	1.181
1393	1.179
1394	1.183
1395	1.184
1396	1.188
1397	1.188
1398	1.191
1399	1.192
1400	1.193
1401	1.198
1402	1.197
1403	1.201
1404	1.203
1405	1.203
1406	1.210
1407	1.205
1408	1.214
1409	1.211
1410	1.216
1411	1.215
1412	1.222
1413	1.219
1414	1.224
1415	1.224
1416	1.227
1417	1.230
1418	1.228
1419	1.236
1420	1.234
1421	1.234
1422	1.239
1423	1.241
1424	1.241
1425	1.245
1426	1.245
1427	1.248
1428	1.248
1429	1.251
1430	1.252
1431	1.255
1432	1.248
1433	1.261
1434	1.255
1435	1.259
1436	1.259
1437	1.262
1438	1.259
1439	1.263
1440	1.263
1441	1.263
1442	1.266
1443	1.265
1444	1.264
1445	1.266
1446	1.268
1447	1.266
1448	1.265
1449	1.269
1450	1.265
1451	1.266
1452	1.268
1453	1.263
1454	1.266
1455	1.265
1456	1.265
1457	1.261
1458	1.263
1459	1.262
1460	1.263
1461	1.255
1462	1.260
1463	1.257
1464	1.255
1465	1.255
1466	1.252
1467	1.251
1468	1.249
1469	1.247
1470	1.248
1471	1.240
1472	1.246
1473	1.237
1474	1.239
1475	1.235
1476	1.234
1477	1.230
1478	1.230
1479	1.224
1480	1.225
1481	1.222
1482	1.218
1483	1.216
1484	1.213
1485	1.213
1486	1.206
1487	1.206
1488	1.203
1489	1.201
1490	1.194
1491	1.197
1492	1.189
1493	1.189
1494	1.185
1495	1.184
1496	1.178
1497	1.176
1498	1.175
1499	1.170
1500	1.167
1501	1.166
1502	1.159
1503	1.161
1504	1.154
1505	1.153
1506	1.149
1507	1.147
1508	1.141
1509	1.141
1510	1.138
1511	1.133
1512	1.133
1513	1.124
1514	1.128
1515	1.121
1516	1.119
1517	1.115
1518	1.114
1519	1.108
1520	1.108
1521	1.103
1522	1.100
1523	1.100
1524	1.094
1525	1.092
1526	1.086
1527	1.088
1528	1.083
1529	1.080
1530	1.075
1531	1.076
1532	1.071
1533	1.068
1534	1.064
1535	1.065
1536	1.058
1537	1.057
1538	1.055
1539	1.051
1540	1.045
1541	1.049
1542	1.041
1543	1.038
1544	1.041
1545	1.031
1546	1.031
1547	1.031
1548	1.024
1549	1.023
1550	1.023
1551	1.016
1552	1.013
1553	1.013
1554	1.010
1555	1.005
1556	1.003
1557	1.002
1558	0.999
1559	0.995
1560	0.994
1561	0.989
1562	0.989
1563	0.982
1564	0.985
1565	0.980
1566	0.975
1567	0.973
1568	0.973
1569	0.968
1570	0.966
1571	0.963
1572	0.962
1573	0.958
1574	0.955
1575	0.951
1576	0.952
1577	0.947
1578	0.946
1579	0.941
1580	0.940
1581	0.937
1582	0.934
1583	0.934
1584	0.926
1585	0.927
1586	0.923
1587	0.921
1588	0.919
1589	0.914
1590	0.917
1591	0.907
1592	0.908
1593	0.907
1594	0.901
1595	0.903
1596	0.896
1597	0.894
1598	0.893
1599	0.892
1600	0.882
1601	0.889
1602	0.879
1603	0.882
1604	0.876
1605	0.874
1606	0.873
1607	0.867
1608	0.869
1609	0.864
1610	0.860
1611	0.862
1612	0.858
1613	0.851
1614	0.854
1615	0.850
1616	0.844
1617	0.850
1618	0.838
1619	0.843
1620	0.835
1621	0.835
1622	0.837
1623	0.824
1624	0.833
1625	0.826
1626	0.824
1627	0.819
1628	0.822
1629	0.815
1630	0.815
1631	0.811
1632	0.812
1633	0.807
1634	0.808
1635	0.801
1636	0.803
1637	0.801
1638	0.800
1639	0.787
1640	0.807
1641	0.781
1642	0.792
1643	0.789
1644	0.785
1645	0.784
1646	0.783
1647	0.780
1648	0.777
1649	0.781
1650	0.771
1651	0.778
1652	0.767
1653	0.771
1654	0.771
1655	0.763
1656	0.768
1657	0.763
1658	0.764
1659	0.758
1660	0.761
1661	0.759
1662	0.753
1663	0.759
1664	0.750
1665	0.753
1666	0.755
1667	0.749
1668	0.747
1669	0.753
1670	0.742
1671	0.750
1672	0.743
1673	0.743
1674	0.743
1675	0.744
1676	0.742
1677	0.737
1678	0.741
1679	0.742
1680	0.734
1681	0.741
1682	0.733
1683	0.738
1684	0.740
1685	0.732
1686	0.736
1687	0.737
1688	0.730
1689	0.741
1690	0.731
1691	0.732
1692	0.738
1693	0.733
1694	0.733
1695	0.741
1696	0.727
1697	0.738
1698	0.733
1699	0.737
1700	0.736
1701	0.730
1702	0.742
1703	0.734
1704	0.735
1705	0.740
1706	0.741
1707	0.734
1708	0.742
1709	0.740
1710	0.741
1711	0.747
1712	0.741
1713	0.749
1714	0.735
1715	0.759
1716	0.746
1717	0.749
1718	0.750
1719	0.755
1720	0.749
1721	0.764
1722	0.751
1723	0.766
1724	0.759
1725	0.764
1726	0.761
1727	0.774
1728	0.764
1729	0.780
1730	0.767
1731	0.782
1732	0.779
1733	0.781
1734	0.784
1735	0.791
1736	0.784
1737	0.791
1738	0.809
1739	0.789
1740	0.804
1741	0.808
1742	0.808
1743	0.808
1744	0.820
1745	0.821
1746	0.823
1747	0.827
1748	0.824
1749	0.835
1750	0.846
1751	0.838
1752	0.848
1753	0.844
1754	0.869
1755	0.846
1756	0.872
1757	0.864
1758	0.878
1759	0.871
1760	0.893
1761	0.875
1762	0.899
1763	0.897
1764	0.898
1765	0.902
1766	0.923
1767	0.914
1768	0.918
1769	0.925
1770	0.941
1771	0.923
1772	0.948
1773	0.954
1774	0.950
1775	0.953
1776	0.972
1777	0.960
1778	0.974
1779	0.977
1780	0.987
1781	0.988
1782	0.982
1783	1.007
1784	1.000
1785	1.009
1786	1.006
1787	1.021
1788	1.017
1789	1.033
1790	1.014
1791	1.041
1792	1.042
1793	1.035
1794	1.040
1795	1.046
1796	1.065
1797	1.035
1798	1.066
1799	1.067
1800	1.047
1801	1.080
1802	1.060
1803	1.074
1804	1.065
1805	1.085
1806	1.065
1807	1.081
1808	1.080
1809	1.079
1810	1.091
1811	1.063
1812	1.106
1813	1.065
1814	1.102
1815	1.072
1816	1.095
1817	1.083
1818	1.096
1819	1.080
1820	1.082
1821	1.092
1822	1.096
1823	1.072
1824	1.092
1825	1.097
1826	1.077
1827	1.080
1828	1.106
1829	1.071
1830	1.099
1831	1.077
1832	1.091
1833	1.080
1834	1.091
1835	1.082
1836	1.083
1837	1.101
1838	1.065
1839	1.105
1840	1.084
1841	1.087
1842	1.079
1843	1.094
1844	1.081
1845	1.096
1846	1.089
1847	1.089
1848	1.090
1849	1.092
1850	1.090
1851	1.107
1852	1.086
1853	1.106
1854	1.089
1855	1.115
1856	1.085
1857	1.118
1858	1.103
1859	1.115
1860	1.099
1861	1.128
1862	1.104
1863	1.131
1864	1.119
1865	1.127
1866	1.114
1867	1.153
1868	1.127
1869	1.138
1870	1.138
1871	1.149
1872	1.147
1873	1.159
1874	1.159
1875	1.158
1876	1.164
1877	1.180
1878	1.171
1879	1.173
1880	1.192
1881	1.198
1882	1.184
1883	1.200
1884	1.208
1885	1.213
1886	1.212
1887	1.218
1888	1.231
1889	1.215
1890	1.256
1891	1.231
1892	1.240
1893	1.261
1894	1.262
1895	1.244
1896	1.271
1897	1.291
1898	1.258
1899	1.293
1900	1.279
1901	1.291
1902	1.296
1903	1.294
1904	1.325
1905	1.277
1906	1.336
1907	1.304
1908	1.322
1909	1.312
1910	1.326
1911	1.323
1912	1.336
1913	1.326
1914	1.318
1915	1.346
1916	1.330
1917	1.317
1918	1.352
1919	1.327
1920	1.338
1921	1.309
1922	1.358
1923	1.311
1924	1.328
1925	1.314
1926	1.340
1927	1.311
1928	1.316
1929	1.317
1930	1.301
1931	1.295
1932	1.314
1933	1.292
1934	1.296
1935	1.277
1936	1.300
1937	1.254
1938	1.292
1939	1.251
1940	1.274
1941	1.248
1942	1.256
1943	1.238
1944	1.239
1945	1.246
1946	1.206
1947	1.231
1948	1.218
1949	1.215
1950	1.193
1951	1.209
1952	1.177
1953	1.208
1954	1.168
1955	1.174
1956	1.182
1957	1.157
1958	1.153
1959	1.168
1960	1.140
1961	1.156
1962	1.122
1963	1.159
1964	1.114
1965	1.130
1966	1.118
1967	1.123
1968	1.106
1969	1.114
1970	1.097
1971	1.114
1972	1.095
1973	1.082
1974	1.097
1975	1.098
1976	1.067
1977	1.101
1978	1.059
1979	1.084
1980	1.073
1981	1.077
1982	1.062
1983	1.090
1984	1.044
1985	1.081
1986	1.044
1987	1.088
1988	1.036
1989	1.077
1990	1.057
1991	1.068
1992	1.046
1993	1.080
1994	1.044
1995	1.066
1996	1.063
1997	1.064
1998	1.063
1999	1.074
2000	1.061
2001	1.076
2002	1.060
2003	1.103
2004	1.046
2005	1.113
2006	1.069
2007	1.102
2008	1.088
2009	1.108
2010	1.103
2011	1.113
2012	1.113
2013	1.139
2014	1.119
2015	1.138
2016	1.155
2017	1.163
2018	1.142
2019	1.191
2020	1.180
2021	1.222
2022	1.175
2023	1.236
2024	1.235
2025	1.244
2026	1.278
2027	1.258
2028	1.317
2029	1.291
2030	1.349
2031	1.299
2032	1.434
2033	1.330
2034	1.467
2035	1.369
2036	1.542
2037	1.404
2038	1.611
2039	1.425
2040	1.765
2041	1.416
2042	1.975
2043	1.467
2044	2.378
2045	1.456
2046	4.298
2047	1.679
