0	0.031
1	0.062
2	0.094
3	0.126
4	0.158
5	0.191
6	0.223
7	0.256
8	0.288
9	0.320
10	0.351
11	0.382
12	0.412
13	0.441
14	0.469
15	0.496
16	0.521
17	0.545
18	0.568
19	0.589
20	0.608
21	0.625
22	0.640
23	0.653
24	0.665
25	0.673
26	0.680
27	0.685
28	0.687
29	0.686
30	0.684
31	0.678
32	0.671
33	0.661
34	0.648
35	0.634
36	0.617
37	0.597
38	0.575
39	0.551
40	0.525
41	0.497
42	0.467
43	0.435
44	0.401
45	0.366
46	0.329
47	0.291
48	0.251
49	0.210
50	0.168
51	0.125
52	0.081
53	0.037
54	-0.008
55	-0.053
56	-0.099
57	-0.144
58	-0.190
59	-0.235
60	-0.280
61	-0.324
62	-0.367
63	-0.410
64	-0.452
65	-0.493
66	-0.533
67	-0.571
68	-0.609
69	-0.644
70	-0.678
71	-0.711
72	-0.741
73	-0.770
74	-0.797
75	-0.821
76	-0.844
77	-0.865
78	-0.883
79	-0.900
80	-0.914
81	-0.925
82	-0.935
83	-0.942
84	-0.947
85	-0.950
86	-0.951
87	-0.949
88	-0.945
89	-0.939
90	-0.931
91	-0.921
92	-0.908
93	-0.894
94	-0.878
95	-0.859
96	-0.839
97	-0.818
98	-0.794
99	-0.769
100	-0.743
101	-0.715
102	-0.685
103	-0.655
104	-0.623
105	-0.590
106	-0.556
107	-0.521
108	-0.485
109	-0.449
110	-0.412
111	-0.374
112	-0.336
113	-0.297
114	-0.258
115	-0.219
116	-0.179
117	-0.140
118	-0.100
119	-0.061
120	-0.022
121	0.017
122	0.056
123	0.094
124	0.132
125	0.170
126	0.207
127	0.243
128	0.279
129	0.314
130	0.348
131	0.381
132	0.414
133	0.446
134	0.477
135	0.506
136	0.535
137	0.563
138	0.590
139	0.616
140	0.641
141	0.665
142	0.688
143	0.709
144	0.730
145	0.749
146	0.768
147	0.785
148	0.801
149	0.816
150	0.830
151	0.843
152	0.855
153	0.865
154	0.875
155	0.884
156	0.891
157	0.898
158	0.903
159	0.908
160	0.912
161	0.914
162	0.916
163	0.917
164	0.917
165	0.916
166	0.914
167	0.912
168	0.908
169	0.904
170	0.899
171	0.894
172	0.888
173	0.881
174	0.873
175	0.865
176	0.857
177	0.847
178	0.838
179	0.827
180	0.816
181	0.805
182	0.794
183	0.782
184	0.769
185	0.756
186	0.743
187	0.730
188	0.716
189	0.702
190	0.687
191	0.673
192	0.658
193	0.643
194	0.628
195	0.613
196	0.597
197	0.582
198	0.566
199	0.550
200	0.535
201	0.519
202	0.503
203	0.487
204	0.471
205	0.455
206	0.439
207	0.423
208	0.408
209	0.392
210	0.376
211	0.361
212	0.345
213	0.330
214	0.314
215	0.299
216	0.284
217	0.269
218	0.255
219	0.240
220	0.225
221	0.211
222	0.197
223	0.183
224	0.169
225	0.156
226	0.143
227	0.130
228	0.117
229	0.104
230	0.091
231	0.079
232	0.067
233	0.055
234	0.044
235	0.032
236	0.021
237	0.011
238	-0.000
239	-0.010
240	-0.020
241	-0.030
242	-0.040
243	-0.049
244	-0.058
245	-0.067
246	-0.076
247	-0.084
248	-0.092
249	-0.100
250	-0.107
251	-0.114
252	-0.121
253	-0.128
254	-0.134
255	-0.141
256	-0.146
257	-0.152
258	-0.157
259	-0.163
260	-0.167
261	-0.172
262	-0.176
263	-0.180
264	-0.184
265	-0.188
266	-0.191
267	-0.194
268	-0.197
269	-0.200
270	-0.202
271	-0.204
272	-0.206
273	-0.208
274	-0.209
275	-0.210
276	-0.211
277	-0.212
278	-0.212
279	-0.212
280	-0.212
281	-0.212
282	-0.212
283	-0.211
284	-0.211
285	-0.210
286	-0.208
287	-0.207
288	-0.206
289	-0.204
290	-0.202
291	-0.200
292	-0.198
293	-0.196
294	-0.193
295	-0.191
296	-0.188
297	-0.185
298	-0.182
299	-0.179
300	-0.176
301	-0.172
302	-0.169
303	-0.165
304	-0.162
305	-0.158
306	-0.155
307	-0.151
308	-0.147
309	-0.143
310	-0.139
311	-0.135
312	-0.131
313	-0.127
314	-0.123
315	-0.119
316	-0.115
317	-0.111
318	-0.107
319	-0.103
320	-0.099
321	-0.095
322	-0.091
323	-0.087
324	-0.084
325	-0.080
326	-0.076
327	-0.073
328	-0.069
329	-0.066
330	-0.062
331	-0.059
332	-0.056
333	-0.052
334	-0.049
335	-0.046
336	-0.043
337	-0.041
338	-0.038
339	-0.035
340	-0.033
341	-0.030
342	-0.028
343	-0.025
344	-0.023
345	-0.021
346	-0.019
347	-0.017
348	-0.015
349	-0.013
350	-0.011
351	-0.010
352	-0.008
353	-0.006
354	-0.005
355	-0.003
356	-0.001
357	0.000
358	0.002
359	0.003
360	0.005
361	0.006
362	0.008
363	0.010
364	0.011
365	0.013
366	0.015
367	0.016
368	0.018
369	0.020
370	0.022
371	0.024
372	0.026
373	0.029
374	0.031
375	0.033
376	0.036
377	0.038
378	0.041
379	0.043
380	0.046
381	0.049
382	0.052
383	0.055
384	0.058
385	0.061
386	0.064
387	0.067
388	0.070
389	0.073
390	0.076
391	0.079
392	0.081
393	0.084
394	0.087
395	0.089
396	0.092
397	0.094
398	0.096
399	0.097
400	0.099
401	0.100
402	0.101
403	0.101
404	0.102
405	0.101
406	0.101
407	0.100
408	0.098
409	0.097
410	0.094
411	0.091
412	0.088
413	0.084
414	0.079
415	0.074
416	0.068
417	0.062
418	0.055
419	0.047
420	0.039
421	0.031
422	0.021
423	0.011
424	0.001
425	-0.010
426	-0.021
427	-0.033
428	-0.046
429	-0.059
430	-0.072
431	-0.086
432	-0.100
433	-0.114
434	-0.128
435	-0.143
436	-0.157
437	-0.172
438	-0.187
439	-0.201
440	-0.216
441	-0.230
442	-0.243
443	-0.257
444	-0.270
445	-0.282
446	-0.294
447	-0.305
448	-0.316
449	-0.325
450	-0.334
451	-0.341
452	-0.348
453	-0.353
454	-0.358
455	-0.361
456	-0.362
457	-0.363
458	-0.362
459	-0.359
460	-0.355
461	-0.350
462	-0.343
463	-0.334
464	-0.324
465	-0.313
466	-0.299
467	-0.285
468	-0.268
469	-0.250
470	-0.231
471	-0.210
472	-0.188
473	-0.165
474	-0.140
475	-0.114
476	-0.087
477	-0.059
478	-0.030
479	0.000
480	0.031
481	0.062
482	0.094
483	0.126
484	0.158
485	0.191
486	0.223
487	0.256
488	0.288
489	0.320
490	0.351
491	0.382
492	0.412
493	0.441
494	0.469
495	0.496
496	0.521
497	0.545
498	0.568
499	0.589
500	0.608
501	0.625
502	0.640
503	0.653
504	0.665
505	0.673
506	0.680
507	0.685
508	0.687
509	0.686
510	0.684
511	0.678
512	0.671
513	0.661
514	0.648
515	0.634
516	0.617
517	0.597
518	0.575
519	0.551
520	0.525
521	0.497
522	0.467
523	0.435
524	0.401
525	0.366
526	0.329
527	0.291
528	0.251
529	0.210
530	0.168
531	0.125
532	0.081
533	0.037
534	-0.008
535	-0.053
536	-0.099
537	-0.144
538	-0.190
539	-0.235
540	-0.280
541	-0.324
542	-0.367
543	-0.410
544	-0.452
545	-0.493
546	-0.533
547	-0.571
548	-0.609
549	-0.644
550	-0.678
551	-0.711
552	-0.741
553	-0.770
554	-0.797
555	-0.821
556	-0.844
557	-0.865
558	-0.883
559	-0.900
560	-0.914
561	-0.925
562	-0.935
563	-0.942
564	-0.947
565	-0.950
566	-0.951
567	-0.949
568	-0.945
569	-0.939
570	-0.931
571	-0.921
572	-0.908
573	-0.894
574	-0.878
575	-0.859
576	-0.839
577	-0.818
578	-0.794
579	-0.769
580	-0.743
581	-0.715
582	-0.685
583	-0.655
584	-0.623
585	-0.590
586	-0.556
587	-0.521
588	-0.485
589	-0.449
590	-0.412
591	-0.374
592	-0.335
593	-0.297
594	-0.258
595	-0.219
596	-0.179
597	-0.140
598	-0.100
599	-0.061
600	-0.022
601	0.017
602	0.056
603	0.094
604	0.132
605	0.170
606	0.207
607	0.243
608	0.279
609	0.314
610	0.348
611	0.381
612	0.414
613	0.446
614	0.477
615	0.506
616	0.535
617	0.563
618	0.590
619	0.616
620	0.641
621	0.665
622	0.688
623	0.709
624	0.730
625	0.749
626	0.768
627	0.785
628	0.801
629	0.816
630	0.830
631	0.843
632	0.855
633	0.865
634	0.875
635	0.884
636	0.891
637	0.898
638	0.903
639	0.908
640	0.912
641	0.914
642	0.916
643	0.917
644	0.917
645	0.916
646	0.914
647	0.912
648	0.908
649	0.904
650	0.899
651	0.894
652	0.888
653	0.881
654	0.873
655	0.865
656	0.857
657	0.847
658	0.838
659	0.827
660	0.816
661	0.805
662	0.794
663	0.782
664	0.769
665	0.756
666	0.743
667	0.730
668	0.716
669	0.702
670	0.687
671	0.673
672	0.658
673	0.643
674	0.628
675	0.613
676	0.597
677	0.582
678	0.566
679	0.550
680	0.535
681	0.519
682	0.503
683	0.487
684	0.471
685	0.455
686	0.439
687	0.423
688	0.408
689	0.392
690	0.376
691	0.361
692	0.345
693	0.330
694	0.314
695	0.299
696	0.284
697	0.269
698	0.255
699	0.240
700	0.225
701	0.211
702	0.197
703	0.183
704	0.169
705	0.156
706	0.143
707	0.129
708	0.117
709	0.104
710	0.091
711	0.079
712	0.067
713	0.055
714	0.044
715	0.032
716	0.021
717	0.011
718	-0.000
719	-0.010
720	-0.020
721	-0.030
722	-0.040
723	-0.049
724	-0.058
725	-0.067
726	-0.076
727	-0.084
728	-0.092
729	-0.100
730	-0.107
731	-0.114
732	-0.121
733	-0.128
734	-0.134
735	-0.141
736	-0.146
737	-0.152
738	-0.157
739	-0.163
740	-0.167
741	-0.172
742	-0.176
743	-0.180
744	-0.184
745	-0.188
746	-0.191
747	-0.194
748	-0.197
749	-0.200
750	-0.202
751	-0.204
752	-0.206
753	-0.208
754	-0.209
755	-0.210
756	-0.211
757	-0.212
758	-0.212
759	-0.212
760	-0.212
761	-0.212
762	-0.212
763	-0.211
764	-0.211
765	-0.210
766	-0.208
767	-0.207
768	-0.206
769	-0.204
770	-0.202
771	-0.200
772	-0.198
773	-0.196
774	-0.193
775	-0.191
776	-0.188
777	-0.185
778	-0.182
779	-0.179
780	-0.176
781	-0.172
782	-0.169
783	-0.165
784	-0.162
785	-0.158
786	-0.155
787	-0.151
788	-0.147
789	-0.143
790	-0.139
791	-0.135
792	-0.131
793	-0.127
794	-0.123
795	-0.119
796	-0.115
797	-0.111
798	-0.107
799	-0.103
800	-0.099
801	-0.095
802	-0.091
803	-0.087
804	-0.084
805	-0.080
806	-0.076
807	-0.073
808	-0.069
809	-0.066
810	-0.062
811	-0.059
812	-0.056
813	-0.052
814	-0.049
815	-0.046
816	-0.043
817	-0.041
818	-0.038
819	-0.035
820	-0.033
821	-0.030
822	-0.028
823	-0.025
824	-0.023
825	-0.021
826	-0.019
827	-0.017
828	-0.015
829	-0.013
830	-0.011
831	-0.010
832	-0.008
833	-0.006
834	-0.005
835	-0.003
836	-0.001
837	0.000
838	0.002
839	0.003
840	0.005
841	0.006
842	0.008
843	0.010
844	0.011
845	0.013
846	0.015
847	0.016
848	0.018
849	0.020
850	0.022
851	0.024
852	0.026
853	0.029
854	0.031
855	0.033
856	0.036
857	0.038
858	0.041
859	0.043
860	0.046
861	0.049
862	0.052
863	0.055
864	0.058
865	0.061
866	0.064
867	0.067
868	0.070
869	0.073
870	0.076
871	0.079
872	0.081
873	0.084
874	0.087
875	0.089
876	0.092
877	0.094
878	0.096
879	0.097
880	0.099
881	0.100
882	0.101
883	0.101
884	0.102
885	0.101
886	0.101
887	0.100
888	0.098
889	0.097
890	0.094
891	0.091
892	0.088
893	0.084
894	0.079
895	0.074
896	0.068
897	0.062
898	0.055
899	0.047
900	0.039
901	0.031
902	0.021
903	0.011
904	0.001
905	-0.010
906	-0.021
907	-0.033
908	-0.046
909	-0.059
910	-0.072
911	-0.086
912	-0.100
913	-0.114
914	-0.128
915	-0.143
916	-0.157
917	-0.172
918	-0.187
919	-0.201
920	-0.216
921	-0.230
922	-0.243
923	-0.257
924	-0.270
925	-0.282
926	-0.294
927	-0.305
928	-0.316
929	-0.325
930	-0.334
931	-0.341
932	-0.348
933	-0.353
934	-0.358
935	-0.361
936	-0.362
937	-0.363
938	-0.362
939	-0.359
940	-0.355
941	-0.350
942	-0.343
943	-0.334
944	-0.324
945	-0.313
946	-0.299
947	-0.285
948	-0.268
949	-0.250
950	-0.231
951	-0.210
952	-0.188
953	-0.165
954	-0.140
955	-0.114
956	-0.087
957	-0.059
958	-0.030
959	0.000
960	0.031
961	0.062
962	0.094
963	0.126
964	0.158
965	0.191
966	0.223
967	0.256
968	0.288
969	0.320
970	0.351
971	0.382
972	0.412
973	0.441
974	0.469
975	0.496
976	0.521
977	0.545
978	0.568
979	0.589
980	0.608
981	0.625
982	0.640
983	0.653
984	0.665
985	0.673
986	0.680
987	0.685
988	0.687
989	0.686
990	0.684
991	0.678
992	0.671
993	0.661
994	0.648
995	0.634
996	0.617
997	0.597
998	0.575
999	0.551
1000	0.525
1001	0.497
1002	0.467
1003	0.435
1004	0.401
1005	0.366
1006	0.329
1007	0.291
1008	0.251
1009	0.210
1010	0.168
1011	0.125
1012	0.081
1013	0.037
1014	-0.008
1015	-0.053
1016	-0.099
1017	-0.144
1018	-0.190
1019	-0.235
1020	-0.280
1021	-0.324
1022	-0.367
1023	-0.410
1024	-0.452
1025	-0.493
1026	-0.533
1027	-0.571
1028	-0.609
1029	-0.644
1030	-0.678
1031	-0.711
1032	-0.741
1033	-0.770
1034	-0.797
1035	-0.821
1036	-0.844
1037	-0.865
1038	-0.883
1039	-0.900
1040	-0.914
1041	-0.925
1042	-0.935
1043	-0.942
1044	-0.947
1045	-0.950
1046	-0.951
1047	-0.949
1048	-0.945
1049	-0.939
1050	-0.931
1051	-0.921
1052	-0.908
1053	-0.894
1054	-0.878
1055	-0.859
1056	-0.839
1057	-0.818
1058	-0.794
1059	-0.769
1060	-0.743
1061	-0.715
1062	-0.685
1063	-0.655
1064	-0.623
1065	-0.590
1066	-0.556
1067	-0.521
1068	-0.485
1069	-0.449
1070	-0.411
1071	-0.374
1072	-0.335
1073	-0.297
1074	-0.258
1075	-0.219
1076	-0.179
1077	-0.140
1078	-0.100
1079	-0.061
1080	-0.022
1081	0.017
1082	0.056
1083	0.094
1084	0.132
1085	0.170
1086	0.207
1087	0.243
1088	0.279
1089	0.314
1090	0.348
1091	0.381
1092	0.414
1093	0.446
1094	0.477
1095	0.507
1096	0.535
1097	0.563
1098	0.590
1099	0.616
1100	0.641
1101	0.665
1102	0.688
1103	0.709
1104	0.730
1105	0.749
1106	0.768
1107	0.785
1108	0.801
1109	0.816
1110	0.830
1111	0.843
1112	0.855
1113	0.865
1114	0.875
1115	0.884
1116	0.891
1117	0.898
1118	0.903
1119	0.908
1120	0.912
1121	0.914
1122	0.916
1123	0.917
1124	0.917
1125	0.916
1126	0.914
1127	0.912
1128	0.908
1129	0.904
1130	0.899
1131	0.894
1132	0.888
1133	0.881
1134	0.873
1135	0.865
1136	0.857
1137	0.847
1138	0.838
1139	0.827
1140	0.816
1141	0.805
1142	0.794
1143	0.782
1144	0.769
1145	0.756
1146	0.743
1147	0.730
1148	0.716
1149	0.702
1150	0.687
1151	0.673
1152	0.658
1153	0.643
1154	0.628
1155	0.613
1156	0.597
1157	0.582
1158	0.566
1159	0.550
1160	0.535
1161	0.519
1162	0.503
1163	0.487
1164	0.471
1165	0.455
1166	0.439
1167	0.423
1168	0.408
1169	0.392
1170	0.376
1171	0.361
1172	0.345
1173	0.330
1174	0.314
1175	0.299
1176	0.284
1177	0.269
1178	0.255
1179	0.240
1180	0.225
1181	0.211
1182	0.197
1183	0.183
1184	0.169
1185	0.156
1186	0.143
1187	0.129
1188	0.117
1189	0.104
1190	0.091
1191	0.079
1192	0.067
1193	0.055
1194	0.044
1195	0.032
1196	0.021
1197	0.011
1198	-0.000
1199	-0.010
1200	-0.020
1201	-0.030
1202	-0.040
1203	-0.049
1204	-0.058
1205	-0.067
1206	-0.076
1207	-0.084
1208	-0.092
1209	-0.100
1210	-0.107
1211	-0.114
1212	-0.121
1213	-0.128
1214	-0.134
1215	-0.141
1216	-0.146
1217	-0.152
1218	-0.157
1219	-0.163
1220	-0.167
1221	-0.172
1222	-0.176
1223	-0.180
1224	-0.184
1225	-0.188
1226	-0.191
1227	-0.194
1228	-0.197
1229	-0.200
1230	-0.202
1231	-0.204
1232	-0.206
1233	-0.208
1234	-0.209
1235	-0.210
1236	-0.211
1237	-0.212
1238	-0.212
1239	-0.212
1240	-0.212
1241	-0.212
1242	-0.212
1243	-0.211
1244	-0.211
1245	-0.210
1246	-0.208
1247	-0.207
1248	-0.206
1249	-0.204
1250	-0.202
1251	-0.200
1252	-0.198
1253	-0.196
1254	-0.193
1255	-0.191
1256	-0.188
1257	-0.185
1258	-0.182
1259	-0.179
1260	-0.176
1261	-0.172
1262	-0.169
1263	-0.165
1264	-0.162
1265	-0.158
1266	-0.155
1267	-0.151
1268	-0.147
1269	-0.143
1270	-0.139
1271	-0.135
1272	-0.131
1273	-0.127
1274	-0.123
1275	-0.119
1276	-0.115
1277	-0.111
1278	-0.107
1279	-0.103
1280	-0.099
1281	-0.095
1282	-0.091
1283	-0.087
1284	-0.084
1285	-0.080
1286	-0.076
1287	-0.073
1288	-0.069
1289	-0.066
1290	-0.062
1291	-0.059
1292	-0.056
1293	-0.052
1294	-0.049
1295	-0.046
1296	-0.043
1297	-0.041
1298	-0.038
1299	-0.035
1300	-0.033
1301	-0.030
1302	-0.028
1303	-0.025
1304	-0.023
1305	-0.021
1306	-0.019
1307	-0.017
1308	-0.015
1309	-0.013
1310	-0.011
1311	-0.010
1312	-0.008
1313	-0.006
1314	-0.005
1315	-0.003
1316	-0.001
1317	0.000
1318	0.002
1319	0.003
1320	0.005
1321	0.006
1322	0.008
1323	0.010
1324	0.011
1325	0.013
1326	0.015
1327	0.016
1328	0.018
1329	0.020
1330	0.022
1331	0.024
1332	0.026
1333	0.029
1334	0.031
1335	0.033
1336	0.036
1337	0.038
1338	0.041
1339	0.043
1340	0.046
1341	0.049
1342	0.052
1343	0.055
1344	0.058
1345	0.061
1346	0.064
1347	0.067
1348	0.070
1349	0.073
1350	0.076
1351	0.079
1352	0.081
1353	0.084
1354	0.087
1355	0.089
1356	0.092
1357	0.094
1358	0.096
1359	0.097
1360	0.099
1361	0.100
1362	0.101
1363	0.101
1364	0.102
1365	0.101
1366	0.101
1367	0.100
1368	0.098
1369	0.097
1370	0.094
1371	0.091
1372	0.088
1373	0.084
1374	0.079
1375	0.074
1376	0.068
1377	0.062
1378	0.055
1379	0.047
1380	0.039
1381	0.031
1382	0.021
1383	0.011
1384	0.001
1385	-0.010
1386	-0.022
1387	-0.033
1388	-0.046
1389	-0.059
1390	-0.072
1391	-0.086
1392	-0.100
1393	-0.114
1394	-0.128
1395	-0.143
1396	-0.157
1397	-0.172
1398	-0.187
1399	-0.201
1400	-0.216
1401	-0.230
1402	-0.243
1403	-0.257
1404	-0.270
1405	-0.282
1406	-0.294
1407	-0.305
1408	-0.316
1409	-0.325
1410	-0.334
1411	-0.341
1412	-0.348
1413	-0.353
1414	-0.358
1415	-0.361
1416	-0.362
1417	-0.363
1418	-0.362
1419	-0.359
1420	-0.355
1421	-0.350
1422	-0.343
1423	-0.334
1424	-0.324
1425	-0.313
1426	-0.299
1427	-0.285
1428	-0.268
1429	-0.250
1430	-0.231
1431	-0.210
1432	-0.188
1433	-0.165
1434	-0.140
1435	-0.114
1436	-0.087
1437	-0.059
1438	-0.030
1439	0.000
1440	0.031
1441	0.062
1442	0.094
1443	0.126
1444	0.158
1445	0.191
1446	0.223
1447	0.256
1448	0.288
1449	0.320
1450	0.351
1451	0.382
1452	0.412
1453	0.441
1454	0.469
1455	0.496
1456	0.521
1457	0.545
1458	0.568
1459	0.589
1460	0.608
1461	0.625
1462	0.640
1463	0.653
1464	0.665
1465	0.673
1466	0.680
1467	0.685
1468	0.687
1469	0.686
1470	0.684
1471	0.678
1472	0.671
1473	0.661
1474	0.648
1475	0.634
1476	0.617
1477	0.597
1478	0.575
1479	0.551
1480	0.525
1481	0.497
1482	0.467
1483	0.435
1484	0.401
1485	0.366
1486	0.329
1487	0.290
1488	0.251
1489	0.210
1490	0.168
1491	0.125
1492	0.081
1493	0.037
1494	-0.008
1495	-0.053
1496	-0.099
1497	-0.144
1498	-0.190
1499	-0.235
1500	-0.280
1501	-0.324
1502	-0.367
1503	-0.410
1504	-0.452
1505	-0.493
1506	-0.533
1507	-0.571
1508	-0.609
1509	-0.644
1510	-0.678
1511	-0.711
1512	-0.741
1513	-0.770
1514	-0.797
1515	-0.821
1516	-0.844
1517	-0.865
1518	-0.883
1519	-0.900
1520	-0.914
1521	-0.925
1522	-0.935
1523	-0.942
1524	-0.947
1525	-0.950
1526	-0.951
1527	-0.949
1528	-0.945
1529	-0.939
1530	-0.931
1531	-0.921
1532	-0.908
1533	-0.894
1534	-0.878
1535	-0.859
1536	-0.839
1537	-0.818
1538	-0.794
1539	-0.769
1540	-0.743
1541	-0.715
1542	-0.685
1543	-0.655
1544	-0.623
1545	-0.590
1546	-0.556
1547	-0.521
1548	-0.485
1549	-0.449
1550	-0.411
1551	-0.374
1552	-0.335
1553	-0.297
1554	-0.258
1555	-0.219
1556	-0.179
1557	-0.140
1558	-0.100
1559	-0.061
1560	-0.022
1561	0.017
1562	0.056
1563	0.094
1564	0.132
1565	0.170
1566	0.207
1567	0.243
1568	0.279
1569	0.314
1570	0.348
1571	0.381
1572	0.414
1573	0.446
1574	0.477
1575	0.507
1576	0.535
1577	0.563
1578	0.590
1579	0.616
1580	0.641
1581	0.665
1582	0.688
1583	0.709
1584	0.730
1585	0.749
1586	0.768
1587	0.785
1588	0.801
1589	0.816
1590	0.830
1591	0.843
1592	0.855
1593	0.865
1594	0.875
1595	0.884
1596	0.891
1597	0.898
1598	0.903
1599	0.908
1600	0.912
1601	0.914
1602	0.916
1603	0.917
1604	0.917
1605	0.916
1606	0.914
1607	0.912
1608	0.908
1609	0.904
1610	0.899
1611	0.894
1612	0.888
1613	0.881
1614	0.873
1615	0.865
1616	0.857
1617	0.847
1618	0.838
1619	0.827
1620	0.816
1621	0.805
1622	0.794
1623	0.782
1624	0.769
1625	0.756
1626	0.743
1627	0.730
1628	0.716
1629	0.702
1630	0.687
1631	0.673
1632	0.658
1633	0.643
1634	0.628
1635	0.613
1636	0.597
1637	0.582
1638	0.566
1639	0.550
1640	0.535
1641	0.519
1642	0.503
1643	0.487
1644	0.471
1645	0.455
1646	0.439
1647	0.423
1648	0.408
1649	0.392
1650	0.376
1651	0.361
1652	0.345
1653	0.330
1654	0.314
1655	0.299
1656	0.284
1657	0.269
1658	0.255
1659	0.240
1660	0.225
1661	0.211
1662	0.197
1663	0.183
1664	0.169
1665	0.156
1666	0.143
1667	0.130
1668	0.117
1669	0.104
1670	0.091
1671	0.079
1672	0.067
1673	0.055
1674	0.044
1675	0.032
1676	0.021
1677	0.011
1678	0.000
1679	-0.010
1680	-0.020
1681	-0.030
1682	-0.040
1683	-0.049
1684	-0.058
1685	-0.067
1686	-0.076
1687	-0.084
1688	-0.092
1689	-0.100
1690	-0.107
1691	-0.114
1692	-0.121
1693	-0.128
1694	-0.134
1695	-0.141
1696	-0.146
1697	-0.152
1698	-0.157
1699	-0.163
1700	-0.167
1701	-0.172
1702	-0.176
1703	-0.180
1704	-0.184
1705	-0.188
1706	-0.191
1707	-0.194
1708	-0.197
1709	-0.200
1710	-0.202
1711	-0.204
1712	-0.206
1713	-0.208
1714	-0.209
1715	-0.210
1716	-0.211
1717	-0.212
1718	-0.212
1719	-0.212
1720	-0.212
1721	-0.212
1722	-0.212
1723	-0.211
1724	-0.211
1725	-0.210
1726	-0.208
1727	-0.207
1728	-0.206
1729	-0.204
1730	-0.202
1731	-0.200
1732	-0.198
1733	-0.196
1734	-0.193
1735	-0.191
1736	-0.188
1737	-0.185
1738	-0.182
1739	-0.179
1740	-0.176
1741	-0.172
1742	-0.169
1743	-0.165
1744	-0.162
1745	-0.158
1746	-0.155
1747	-0.151
1748	-0.147
1749	-0.143
1750	-0.139
1751	-0.135
1752	-0.131
1753	-0.127
1754	-0.123
1755	-0.119
1756	-0.115
1757	-0.111
1758	-0.107
1759	-0.103
1760	-0.099
1761	-0.095
1762	-0.091
1763	-0.087
1764	-0.084
1765	-0.080
1766	-0.076
1767	-0.073
1768	-0.069
1769	-0.066
1770	-0.062
1771	-0.059
1772	-0.056
1773	-0.052
1774	-0.049
1775	-0.046
1776	-0.043
1777	-0.041
1778	-0.038
1779	-0.035
1780	-0.033
1781	-0.030
1782	-0.028
1783	-0.025
1784	-0.023
1785	-0.021
1786	-0.019
1787	-0.017
1788	-0.015
1789	-0.013
1790	-0.011
1791	-0.010
1792	-0.008
1793	-0.006
1794	-0.005
1795	-0.003
1796	-0.001
1797	0.000
1798	0.002
1799	0.003
1800	0.005
1801	0.006
1802	0.008
1803	0.010
1804	0.011
1805	0.013
1806	0.015
1807	0.016
1808	0.018
1809	0.020
1810	0.022
1811	0.024
1812	0.026
1813	0.029
1814	0.031
1815	0.033
1816	0.036
1817	0.038
1818	0.041
1819	0.043
1820	0.046
1821	0.049
1822	0.052
1823	0.055
1824	0.058
1825	0.061
1826	0.064
1827	0.067
1828	0.070
1829	0.073
1830	0.076
1831	0.079
1832	0.081
1833	0.084
1834	0.087
1835	0.089
1836	0.092
1837	0.094
1838	0.096
1839	0.097
1840	0.099
1841	0.100
1842	0.101
1843	0.101
1844	0.102
1845	0.101
1846	0.101
1847	0.100
1848	0.098
1849	0.097
1850	0.094
1851	0.091
1852	0.088
1853	0.084
1854	0.079
1855	0.074
1856	0.068
1857	0.062
1858	0.055
1859	0.047
1860	0.039
1861	0.031
1862	0.021
1863	0.011
1864	0.001
1865	-0.010
1866	-0.021
1867	-0.033
1868	-0.046
1869	-0.059
1870	-0.072
1871	-0.086
1872	-0.100
1873	-0.114
1874	-0.128
1875	-0.143
1876	-0.157
1877	-0.172
1878	-0.187
1879	-0.201
1880	-0.216
1881	-0.230
1882	-0.243
1883	-0.257
1884	-0.270
1885	-0.282
1886	-0.294
1887	-0.305
1888	-0.316
1889	-0.325
1890	-0.334
1891	-0.341
1892	-0.348
1893	-0.353
1894	-0.358
1895	-0.361
1896	-0.362
1897	-0.363
1898	-0.362
1899	-0.359
1900	-0.355
1901	-0.350
1902	-0.343
1903	-0.334
1904	-0.324
1905	-0.313
1906	-0.299
1907	-0.285
1908	-0.268
1909	-0.250
1910	-0.231
1911	-0.210
1912	-0.188
1913	-0.165
1914	-0.140
1915	-0.114
1916	-0.087
1917	-0.059
1918	-0.030
1919	-0.000
1920	0.031
1921	0.062
1922	0.094
1923	0.126
1924	0.158
1925	0.191
1926	0.223
1927	0.256
1928	0.288
1929	0.320
1930	0.351
1931	0.382
1932	0.412
1933	0.441
1934	0.469
1935	0.496
1936	0.521
1937	0.545
1938	0.568
1939	0.589
1940	0.608
1941	0.625
1942	0.640
1943	0.653
1944	0.665
1945	0.673
1946	0.680
1947	0.685
1948	0.687
1949	0.686
1950	0.684
1951	0.678
1952	0.671
1953	0.661
1954	0.648
1955	0.634
1956	0.617
1957	0.597
1958	0.575
1959	0.551
1960	0.525
1961	0.497
1962	0.467
1963	0.435
1964	0.401
1965	0.366
1966	0.329
1967	0.291
1968	0.251
1969	0.210
1970	0.168
1971	0.125
1972	0.081
1973	0.037
1974	-0.008
1975	-0.053
1976	-0.099
1977	-0.144
1978	-0.190
1979	-0.235
1980	-0.280
1981	-0.324
1982	-0.367
1983	-0.410
1984	-0.452
1985	-0.493
1986	-0.533
1987	-0.571
1988	-0.609
1989	-0.644
1990	-0.678
1991	-0.711
1992	-0.741
1993	-0.770
1994	-0.797
1995	-0.821
1996	-0.844
1997	-0.865
1998	-0.883
1999	-0.900
2000	-0.914
2001	-0.925
2002	-0.935
2003	-0.942
2004	-0.947
2005	-0.950
2006	-0.951
2007	-0.949
2008	-0.945
2009	-0.939
2010	-0.931
2011	-0.921
2012	-0.908
2013	-0.894
2014	-0.878
2015	-0.859
2016	-0.839
2017	-0.818
2018	-0.794
2019	-0.769
2020	-0.743
2021	-0.715
2022	-0.685
2023	-0.655
2024	-0.623
2025	-0.590
2026	-0.556
2027	-0.521
2028	-0.485
2029	-0.449
2030	-0.412
2031	-0.374
2032	-0.336
2033	-0.297
2034	-0.258
2035	-0.219
2036	-0.179
2037	-0.140
2038	-0.100
2039	-0.061
2040	-0.022
2041	0.017
2042	0.056
2043	0.094
2044	0.132
2045	0.170
2046	0.207
2047	0.243
