0	0.519
1	0.523
2	0.524
3	0.524
4	0.522
5	0.517
6	0.511
7	0.503
8	0.492
9	0.479
10	0.465
11	0.448
12	0.429
13	0.409
14	0.386
15	0.362
16	0.335
17	0.307
18	0.278
19	0.247
20	0.214
21	0.180
22	0.145
23	0.108
24	0.071
25	0.033
26	-0.006
27	-0.046
28	-0.086
29	-0.126
30	-0.167
31	-0.207
32	-0.248
33	-0.288
34	-0.328
35	-0.367
36	-0.405
37	-0.443
38	-0.480
39	-0.515
40	-0.549
41	-0.582
42	-0.613
43	-0.643
44	-0.670
45	-0.696
46	-0.720
47	-0.742
48	-0.762
49	-0.779
50	-0.795
51	-0.808
52	-0.818
53	-0.826
54	-0.832
55	-0.835
56	-0.835
57	-0.833
58	-0.829
59	-0.822
60	-0.813
61	-0.801
62	-0.787
63	-0.770
64	-0.751
65	-0.730
66	-0.707
67	-0.681
68	-0.654
69	-0.624
70	-0.593
71	-0.560
72	-0.525
73	-0.489
74	-0.451
75	-0.412
76	-0.372
77	-0.331
78	-0.289
79	-0.246
80	-0.202
81	-0.158
82	-0.113
83	-0.068
84	-0.022
85	0.023
86	0.069
87	0.114
88	0.159
89	0.204
90	0.248
91	0.292
92	0.335
93	0.377
94	0.419
95	0.459
96	0.499
97	0.537
98	0.574
99	0.610
100	0.645
101	0.678
102	0.710
103	0.740
104	0.769
105	0.796
106	0.822
107	0.845
108	0.868
109	0.888
110	0.907
111	0.924
112	0.939
113	0.953
114	0.965
115	0.975
116	0.983
117	0.990
118	0.995
119	0.998
120	1.000
121	1.000
122	0.998
123	0.995
124	0.991
125	0.984
126	0.977
127	0.968
128	0.958
129	0.946
130	0.933
131	0.919
132	0.904
133	0.887
134	0.870
135	0.852
136	0.832
137	0.812
138	0.791
139	0.769
140	0.746
141	0.723
142	0.698
143	0.674
144	0.649
145	0.623
146	0.597
147	0.570
148	0.544
149	0.516
150	0.489
151	0.461
152	0.434
153	0.406
154	0.378
155	0.350
156	0.322
157	0.294
158	0.266
159	0.239
160	0.211
161	0.184
162	0.157
163	0.130
164	0.103
165	0.077
166	0.051
167	0.025
168	-0.000
169	-0.025
170	-0.050
171	-0.074
172	-0.097
173	-0.120
174	-0.143
175	-0.165
176	-0.187
177	-0.208
178	-0.229
179	-0.249
180	-0.268
181	-0.287
182	-0.306
183	-0.324
184	-0.341
185	-0.358
186	-0.374
187	-0.389
188	-0.404
189	-0.419
190	-0.433
191	-0.446
192	-0.459
193	-0.471
194	-0.482
195	-0.493
196	-0.504
197	-0.514
198	-0.523
199	-0.532
200	-0.540
201	-0.548
202	-0.555
203	-0.562
204	-0.568
205	-0.574
206	-0.579
207	-0.584
208	-0.588
209	-0.591
210	-0.595
211	-0.597
212	-0.600
213	-0.602
214	-0.603
215	-0.604
216	-0.605
217	-0.605
218	-0.605
219	-0.604
220	-0.603
221	-0.602
222	-0.601
223	-0.599
224	-0.596
225	-0.593
226	-0.590
227	-0.587
228	-0.584
229	-0.580
230	-0.575
231	-0.571
232	-0.566
233	-0.561
234	-0.556
235	-0.550
236	-0.545
237	-0.539
238	-0.533
239	-0.526
240	-0.520
241	-0.513
242	-0.506
243	-0.499
244	-0.491
245	-0.484
246	-0.476
247	-0.469
248	-0.461
249	-0.453
250	-0.445
251	-0.436
252	-0.428
253	-0.420
254	-0.411
255	-0.403
256	-0.394
257	-0.385
258	-0.376
259	-0.367
260	-0.359
261	-0.350
262	-0.341
263	-0.332
264	-0.323
265	-0.314
266	-0.305
267	-0.296
268	-0.287
269	-0.278
270	-0.269
271	-0.260
272	-0.251
273	-0.242
274	-0.234
275	-0.225
276	-0.216
277	-0.208
278	-0.199
279	-0.191
280	-0.182
281	-0.174
282	-0.166
283	-0.158
284	-0.150
285	-0.142
286	-0.135
287	-0.127
288	-0.119
289	-0.112
290	-0.105
291	-0.098
292	-0.091
293	-0.084
294	-0.078
295	-0.071
296	-0.065
297	-0.059
298	-0.053
299	-0.047
300	-0.042
301	-0.036
302	-0.031
303	-0.026
304	-0.021
305	-0.016
306	-0.012
307	-0.008
308	-0.003
309	0.001
310	0.004
311	0.008
312	0.011
313	0.015
314	0.018
315	0.021
316	0.023
317	0.026
318	0.028
319	0.030
320	0.032
321	0.034
322	0.036
323	0.038
324	0.039
325	0.040
326	0.041
327	0.042
328	0.043
329	0.044
330	0.045
331	0.045
332	0.046
333	0.046
334	0.046
335	0.046
336	0.046
337	0.046
338	0.046
339	0.046
340	0.046
341	0.046
342	0.045
343	0.045
344	0.045
345	0.044
346	0.044
347	0.044
348	0.043
349	0.043
350	0.043
351	0.042
352	0.042
353	0.042
354	0.041
355	0.041
356	0.041
357	0.040
358	0.040
359	0.040
360	0.040
361	0.040
362	0.039
363	0.039
364	0.039
365	0.039
366	0.039
367	0.039
368	0.039
369	0.038
370	0.038
371	0.038
372	0.038
373	0.037
374	0.037
375	0.036
376	0.036
377	0.035
378	0.034
379	0.033
380	0.032
381	0.031
382	0.030
383	0.028
384	0.027
385	0.025
386	0.023
387	0.020
388	0.018
389	0.015
390	0.012
391	0.009
392	0.005
393	0.001
394	-0.003
395	-0.007
396	-0.012
397	-0.017
398	-0.022
399	-0.028
400	-0.033
401	-0.039
402	-0.046
403	-0.052
404	-0.059
405	-0.066
406	-0.073
407	-0.080
408	-0.087
409	-0.095
410	-0.103
411	-0.110
412	-0.118
413	-0.126
414	-0.133
415	-0.141
416	-0.148
417	-0.156
418	-0.163
419	-0.170
420	-0.176
421	-0.183
422	-0.188
423	-0.194
424	-0.199
425	-0.203
426	-0.207
427	-0.210
428	-0.213
429	-0.215
430	-0.216
431	-0.216
432	-0.216
433	-0.215
434	-0.212
435	-0.209
436	-0.205
437	-0.200
438	-0.194
439	-0.187
440	-0.179
441	-0.170
442	-0.159
443	-0.148
444	-0.136
445	-0.122
446	-0.108
447	-0.093
448	-0.077
449	-0.059
450	-0.041
451	-0.022
452	-0.003
453	0.018
454	0.039
455	0.060
456	0.082
457	0.105
458	0.128
459	0.151
460	0.174
461	0.198
462	0.221
463	0.244
464	0.267
465	0.290
466	0.312
467	0.334
468	0.355
469	0.375
470	0.395
471	0.413
472	0.430
473	0.447
474	0.462
475	0.475
476	0.487
477	0.498
478	0.507
479	0.514
480	0.519
481	0.523
482	0.524
483	0.524
484	0.522
485	0.517
486	0.511
487	0.503
488	0.492
489	0.479
490	0.465
491	0.448
492	0.429
493	0.409
494	0.386
495	0.362
496	0.335
497	0.307
498	0.278
499	0.247
500	0.214
501	0.180
502	0.145
503	0.108
504	0.071
505	0.033
506	-0.006
507	-0.046
508	-0.086
509	-0.126
510	-0.167
511	-0.207
512	-0.248
513	-0.288
514	-0.328
515	-0.367
516	-0.405
517	-0.443
518	-0.480
519	-0.515
520	-0.549
521	-0.582
522	-0.613
523	-0.643
524	-0.670
525	-0.696
526	-0.720
527	-0.742
528	-0.762
529	-0.779
530	-0.795
531	-0.808
532	-0.818
533	-0.826
534	-0.832
535	-0.835
536	-0.835
537	-0.833
538	-0.829
539	-0.822
540	-0.813
541	-0.801
542	-0.787
543	-0.770
544	-0.751
545	-0.730
546	-0.707
547	-0.681
548	-0.654
549	-0.624
550	-0.593
551	-0.560
552	-0.525
553	-0.489
554	-0.451
555	-0.412
556	-0.372
557	-0.331
558	-0.289
559	-0.246
560	-0.202
561	-0.158
562	-0.113
563	-0.068
564	-0.022
565	0.023
566	0.069
567	0.114
568	0.159
569	0.204
570	0.248
571	0.292
572	0.335
573	0.377
574	0.419
575	0.459
576	0.499
577	0.537
578	0.574
579	0.610
580	0.645
581	0.678
582	0.710
583	0.740
584	0.769
585	0.796
586	0.822
587	0.845
588	0.868
589	0.888
590	0.907
591	0.924
592	0.939
593	0.953
594	0.965
595	0.975
596	0.983
597	0.990
598	0.995
599	0.998
600	1.000
601	1.000
602	0.998
603	0.995
604	0.991
605	0.984
606	0.977
607	0.968
608	0.958
609	0.946
610	0.933
611	0.919
612	0.904
613	0.887
614	0.870
615	0.852
616	0.832
617	0.812
618	0.791
619	0.769
620	0.746
621	0.723
622	0.698
623	0.674
624	0.649
625	0.623
626	0.597
627	0.570
628	0.544
629	0.516
630	0.489
631	0.461
632	0.434
633	0.406
634	0.378
635	0.350
636	0.322
637	0.294
638	0.266
639	0.239
640	0.211
641	0.184
642	0.157
643	0.130
644	0.103
645	0.077
646	0.051
647	0.025
648	-0.000
649	-0.025
650	-0.050
651	-0.074
652	-0.097
653	-0.120
654	-0.143
655	-0.165
656	-0.187
657	-0.208
658	-0.229
659	-0.249
660	-0.268
661	-0.287
662	-0.306
663	-0.324
664	-0.341
665	-0.358
666	-0.374
667	-0.389
668	-0.404
669	-0.419
670	-0.433
671	-0.446
672	-0.459
673	-0.471
674	-0.482
675	-0.493
676	-0.504
677	-0.514
678	-0.523
679	-0.532
680	-0.540
681	-0.548
682	-0.555
683	-0.562
684	-0.568
685	-0.574
686	-0.579
687	-0.584
688	-0.588
689	-0.591
690	-0.595
691	-0.597
692	-0.600
693	-0.602
694	-0.603
695	-0.604
696	-0.605
697	-0.605
698	-0.605
699	-0.604
700	-0.603
701	-0.602
702	-0.601
703	-0.599
704	-0.596
705	-0.593
706	-0.590
707	-0.587
708	-0.584
709	-0.580
710	-0.575
711	-0.571
712	-0.566
713	-0.561
714	-0.556
715	-0.550
716	-0.545
717	-0.539
718	-0.533
719	-0.526
720	-0.520
721	-0.513
722	-0.506
723	-0.499
724	-0.491
725	-0.484
726	-0.476
727	-0.469
728	-0.461
729	-0.453
730	-0.445
731	-0.436
732	-0.428
733	-0.420
734	-0.411
735	-0.403
736	-0.394
737	-0.385
738	-0.376
739	-0.367
740	-0.359
741	-0.350
742	-0.341
743	-0.332
744	-0.323
745	-0.314
746	-0.305
747	-0.296
748	-0.287
749	-0.278
750	-0.269
751	-0.260
752	-0.251
753	-0.242
754	-0.234
755	-0.225
756	-0.216
757	-0.208
758	-0.199
759	-0.191
760	-0.182
761	-0.174
762	-0.166
763	-0.158
764	-0.150
765	-0.142
766	-0.135
767	-0.127
768	-0.120
769	-0.112
770	-0.105
771	-0.098
772	-0.091
773	-0.084
774	-0.078
775	-0.071
776	-0.065
777	-0.059
778	-0.053
779	-0.047
780	-0.042
781	-0.036
782	-0.031
783	-0.026
784	-0.021
785	-0.016
786	-0.012
787	-0.008
788	-0.003
789	0.001
790	0.004
791	0.008
792	0.011
793	0.015
794	0.018
795	0.021
796	0.023
797	0.026
798	0.028
799	0.030
800	0.032
801	0.034
802	0.036
803	0.038
804	0.039
805	0.040
806	0.041
807	0.042
808	0.043
809	0.044
810	0.045
811	0.045
812	0.046
813	0.046
814	0.046
815	0.046
816	0.046
817	0.046
818	0.046
819	0.046
820	0.046
821	0.046
822	0.045
823	0.045
824	0.045
825	0.044
826	0.044
827	0.044
828	0.043
829	0.043
830	0.043
831	0.042
832	0.042
833	0.042
834	0.041
835	0.041
836	0.041
837	0.040
838	0.040
839	0.040
840	0.040
841	0.040
842	0.039
843	0.039
844	0.039
845	0.039
846	0.039
847	0.039
848	0.039
849	0.038
850	0.038
851	0.038
852	0.038
853	0.037
854	0.037
855	0.036
856	0.036
857	0.035
858	0.034
859	0.033
860	0.032
861	0.031
862	0.030
863	0.028
864	0.027
865	0.025
866	0.023
867	0.020
868	0.018
869	0.015
870	0.012
871	0.009
872	0.005
873	0.001
874	-0.003
875	-0.007
876	-0.012
877	-0.017
878	-0.022
879	-0.028
880	-0.033
881	-0.039
882	-0.046
883	-0.052
884	-0.059
885	-0.066
886	-0.073
887	-0.080
888	-0.087
889	-0.095
890	-0.103
891	-0.110
892	-0.118
893	-0.126
894	-0.133
895	-0.141
896	-0.148
897	-0.156
898	-0.163
899	-0.170
900	-0.176
901	-0.183
902	-0.188
903	-0.194
904	-0.199
905	-0.203
906	-0.207
907	-0.210
908	-0.213
909	-0.215
910	-0.216
911	-0.216
912	-0.216
913	-0.215
914	-0.212
915	-0.209
916	-0.205
917	-0.200
918	-0.194
919	-0.187
920	-0.179
921	-0.170
922	-0.159
923	-0.148
924	-0.136
925	-0.122
926	-0.108
927	-0.093
928	-0.077
929	-0.059
930	-0.041
931	-0.022
932	-0.003
933	0.018
934	0.039
935	0.060
936	0.082
937	0.105
938	0.128
939	0.151
940	0.174
941	0.198
942	0.221
943	0.244
944	0.267
945	0.290
946	0.312
947	0.334
948	0.355
949	0.375
950	0.395
951	0.413
952	0.430
953	0.447
954	0.462
955	0.475
956	0.487
957	0.498
958	0.507
959	0.514
960	0.519
961	0.523
962	0.524
963	0.524
964	0.522
965	0.517
966	0.511
967	0.503
968	0.492
969	0.479
970	0.465
971	0.448
972	0.429
973	0.409
974	0.386
975	0.362
976	0.335
977	0.307
978	0.278
979	0.247
980	0.214
981	0.180
982	0.145
983	0.108
984	0.071
985	0.033
986	-0.006
987	-0.046
988	-0.086
989	-0.126
990	-0.167
991	-0.207
992	-0.248
993	-0.288
994	-0.328
995	-0.367
996	-0.405
997	-0.443
998	-0.480
999	-0.515
1000	-0.549
1001	-0.582
1002	-0.613
1003	-0.643
1004	-0.670
1005	-0.696
1006	-0.720
1007	-0.742
1008	-0.762
1009	-0.779
1010	-0.795
1011	-0.808
1012	-0.818
1013	-0.826
1014	-0.832
1015	-0.835
1016	-0.835
1017	-0.833
1018	-0.829
1019	-0.822
1020	-0.813
1021	-0.801
1022	-0.787
1023	-0.770
1024	-0.751
1025	-0.730
1026	-0.707
1027	-0.681
1028	-0.654
1029	-0.624
1030	-0.593
1031	-0.560
1032	-0.525
1033	-0.489
1034	-0.451
1035	-0.412
1036	-0.372
1037	-0.331
1038	-0.289
1039	-0.246
1040	-0.202
1041	-0.158
1042	-0.113
1043	-0.068
1044	-0.022
1045	0.023
1046	0.069
1047	0.114
1048	0.159
1049	0.204
1050	0.248
1051	0.292
1052	0.335
1053	0.377
1054	0.419
1055	0.459
1056	0.499
1057	0.537
1058	0.574
1059	0.610
1060	0.645
1061	0.678
1062	0.710
1063	0.740
1064	0.769
1065	0.796
1066	0.822
1067	0.845
1068	0.868
1069	0.888
1070	0.907
1071	0.924
1072	0.939
1073	0.953
1074	0.965
1075	0.975
1076	0.983
1077	0.990
1078	0.995
1079	0.998
1080	1.000
1081	1.000
1082	0.998
1083	0.995
1084	0.991
1085	0.984
1086	0.977
1087	0.968
1088	0.958
1089	0.946
1090	0.933
1091	0.919
1092	0.904
1093	0.887
1094	0.870
1095	0.852
1096	0.832
1097	0.812
1098	0.791
1099	0.769
1100	0.746
1101	0.723
1102	0.698
1103	0.674
1104	0.649
1105	0.623
1106	0.597
1107	0.570
1108	0.544
1109	0.516
1110	0.489
1111	0.461
1112	0.434
1113	0.406
1114	0.378
1115	0.350
1116	0.322
1117	0.294
1118	0.266
1119	0.239
1120	0.211
1121	0.184
1122	0.157
1123	0.130
1124	0.103
1125	0.077
1126	0.051
1127	0.025
1128	-0.000
1129	-0.025
1130	-0.050
1131	-0.074
1132	-0.097
1133	-0.120
1134	-0.143
1135	-0.165
1136	-0.187
1137	-0.208
1138	-0.229
1139	-0.249
1140	-0.268
1141	-0.287
1142	-0.306
1143	-0.324
1144	-0.341
1145	-0.358
1146	-0.374
1147	-0.389
1148	-0.404
1149	-0.419
1150	-0.433
1151	-0.446
1152	-0.459
1153	-0.471
1154	-0.482
1155	-0.493
1156	-0.504
1157	-0.514
1158	-0.523
1159	-0.532
1160	-0.540
1161	-0.548
1162	-0.555
1163	-0.562
1164	-0.568
1165	-0.574
1166	-0.579
1167	-0.584
1168	-0.588
1169	-0.591
1170	-0.595
1171	-0.597
1172	-0.600
1173	-0.602
1174	-0.603
1175	-0.604
1176	-0.605
1177	-0.605
1178	-0.605
1179	-0.604
1180	-0.603
1181	-0.602
1182	-0.601
1183	-0.599
1184	-0.596
1185	-0.593
1186	-0.590
1187	-0.587
1188	-0.584
1189	-0.580
1190	-0.575
1191	-0.571
1192	-0.566
1193	-0.561
1194	-0.556
1195	-0.550
1196	-0.545
1197	-0.539
1198	-0.533
1199	-0.526
1200	-0.520
1201	-0.513
1202	-0.506
1203	-0.499
1204	-0.491
1205	-0.484
1206	-0.476
1207	-0.469
1208	-0.461
1209	-0.453
1210	-0.445
1211	-0.436
1212	-0.428
1213	-0.420
1214	-0.411
1215	-0.403
1216	-0.394
1217	-0.385
1218	-0.376
1219	-0.367
1220	-0.359
1221	-0.350
1222	-0.341
1223	-0.332
1224	-0.323
1225	-0.314
1226	-0.305
1227	-0.296
1228	-0.287
1229	-0.278
1230	-0.269
1231	-0.260
1232	-0.251
1233	-0.242
1234	-0.234
1235	-0.225
1236	-0.216
1237	-0.208
1238	-0.199
1239	-0.191
1240	-0.182
1241	-0.174
1242	-0.166
1243	-0.158
1244	-0.150
1245	-0.142
1246	-0.135
1247	-0.127
1248	-0.119
1249	-0.112
1250	-0.105
1251	-0.098
1252	-0.091
1253	-0.084
1254	-0.078
1255	-0.071
1256	-0.065
1257	-0.059
1258	-0.053
1259	-0.047
1260	-0.042
1261	-0.036
1262	-0.031
1263	-0.026
1264	-0.021
1265	-0.016
1266	-0.012
1267	-0.008
1268	-0.003
1269	0.001
1270	0.004
1271	0.008
1272	0.011
1273	0.015
1274	0.018
1275	0.021
1276	0.023
1277	0.026
1278	0.028
1279	0.030
1280	0.032
1281	0.034
1282	0.036
1283	0.038
1284	0.039
1285	0.040
1286	0.041
1287	0.042
1288	0.043
1289	0.044
1290	0.045
1291	0.045
1292	0.046
1293	0.046
1294	0.046
1295	0.046
1296	0.046
1297	0.046
1298	0.046
1299	0.046
1300	0.046
1301	0.046
1302	0.045
1303	0.045
1304	0.045
1305	0.044
1306	0.044
1307	0.044
1308	0.043
1309	0.043
1310	0.043
1311	0.042
1312	0.042
1313	0.042
1314	0.041
1315	0.041
1316	0.041
1317	0.040
1318	0.040
1319	0.040
1320	0.040
1321	0.040
1322	0.039
1323	0.039
1324	0.039
1325	0.039
1326	0.039
1327	0.039
1328	0.039
1329	0.038
1330	0.038
1331	0.038
1332	0.038
1333	0.037
1334	0.037
1335	0.036
1336	0.036
1337	0.035
1338	0.034
1339	0.033
1340	0.032
1341	0.031
1342	0.030
1343	0.028
1344	0.027
1345	0.025
1346	0.023
1347	0.020
1348	0.018
1349	0.015
1350	0.012
1351	0.008
1352	0.005
1353	0.001
1354	-0.003
1355	-0.007
1356	-0.012
1357	-0.017
1358	-0.022
1359	-0.028
1360	-0.033
1361	-0.039
1362	-0.046
1363	-0.052
1364	-0.059
1365	-0.066
1366	-0.073
1367	-0.080
1368	-0.087
1369	-0.095
1370	-0.103
1371	-0.110
1372	-0.118
1373	-0.126
1374	-0.133
1375	-0.141
1376	-0.148
1377	-0.156
1378	-0.163
1379	-0.170
1380	-0.176
1381	-0.183
1382	-0.188
1383	-0.194
1384	-0.199
1385	-0.203
1386	-0.207
1387	-0.210
1388	-0.213
1389	-0.215
1390	-0.216
1391	-0.216
1392	-0.216
1393	-0.215
1394	-0.212
1395	-0.209
1396	-0.205
1397	-0.200
1398	-0.194
1399	-0.187
1400	-0.179
1401	-0.170
1402	-0.159
1403	-0.148
1404	-0.136
1405	-0.122
1406	-0.108
1407	-0.093
1408	-0.077
1409	-0.059
1410	-0.041
1411	-0.022
1412	-0.003
1413	0.018
1414	0.039
1415	0.060
1416	0.082
1417	0.105
1418	0.128
1419	0.151
1420	0.174
1421	0.198
1422	0.221
1423	0.244
1424	0.267
1425	0.290
1426	0.312
1427	0.334
1428	0.355
1429	0.375
1430	0.395
1431	0.413
1432	0.430
1433	0.447
1434	0.462
1435	0.475
1436	0.487
1437	0.498
1438	0.507
1439	0.514
1440	0.519
1441	0.523
1442	0.524
1443	0.524
1444	0.522
1445	0.517
1446	0.511
1447	0.503
1448	0.492
1449	0.479
1450	0.465
1451	0.448
1452	0.429
1453	0.409
1454	0.386
1455	0.362
1456	0.335
1457	0.307
1458	0.278
1459	0.247
1460	0.214
1461	0.180
1462	0.145
1463	0.108
1464	0.071
1465	0.033
1466	-0.006
1467	-0.046
1468	-0.086
1469	-0.126
1470	-0.167
1471	-0.208
1472	-0.248
1473	-0.288
1474	-0.328
1475	-0.367
1476	-0.405
1477	-0.443
1478	-0.480
1479	-0.515
1480	-0.549
1481	-0.582
1482	-0.613
1483	-0.643
1484	-0.670
1485	-0.696
1486	-0.720
1487	-0.742
1488	-0.762
1489	-0.779
1490	-0.795
1491	-0.808
1492	-0.818
1493	-0.826
1494	-0.832
1495	-0.835
1496	-0.835
1497	-0.833
1498	-0.829
1499	-0.822
1500	-0.813
1501	-0.801
1502	-0.787
1503	-0.770
1504	-0.751
1505	-0.730
1506	-0.707
1507	-0.681
1508	-0.654
1509	-0.624
1510	-0.593
1511	-0.560
1512	-0.525
1513	-0.489
1514	-0.451
1515	-0.412
1516	-0.372
1517	-0.331
1518	-0.289
1519	-0.246
1520	-0.202
1521	-0.158
1522	-0.113
1523	-0.068
1524	-0.022
1525	0.023
1526	0.069
1527	0.114
1528	0.159
1529	0.204
1530	0.248
1531	0.292
1532	0.335
1533	0.377
1534	0.419
1535	0.459
1536	0.499
1537	0.537
1538	0.574
1539	0.610
1540	0.645
1541	0.678
1542	0.710
1543	0.740
1544	0.769
1545	0.796
1546	0.822
1547	0.845
1548	0.868
1549	0.888
1550	0.907
1551	0.924
1552	0.939
1553	0.953
1554	0.965
1555	0.975
1556	0.983
1557	0.990
1558	0.995
1559	0.998
1560	1.000
1561	1.000
1562	0.998
1563	0.995
1564	0.991
1565	0.984
1566	0.977
1567	0.968
1568	0.958
1569	0.946
1570	0.933
1571	0.919
1572	0.904
1573	0.887
1574	0.870
1575	0.852
1576	0.832
1577	0.812
1578	0.791
1579	0.769
1580	0.746
1581	0.723
1582	0.698
1583	0.674
1584	0.649
1585	0.623
1586	0.597
1587	0.570
1588	0.544
1589	0.516
1590	0.489
1591	0.461
1592	0.434
1593	0.406
1594	0.378
1595	0.350
1596	0.322
1597	0.294
1598	0.266
1599	0.239
1600	0.211
1601	0.184
1602	0.157
1603	0.130
1604	0.103
1605	0.077
1606	0.051
1607	0.025
1608	-0.000
1609	-0.025
1610	-0.050
1611	-0.074
1612	-0.097
1613	-0.120
1614	-0.143
1615	-0.165
1616	-0.187
1617	-0.208
1618	-0.229
1619	-0.249
1620	-0.268
1621	-0.287
1622	-0.306
1623	-0.324
1624	-0.341
1625	-0.358
1626	-0.374
1627	-0.389
1628	-0.404
1629	-0.419
1630	-0.433
1631	-0.446
1632	-0.459
1633	-0.471
1634	-0.482
1635	-0.493
1636	-0.504
1637	-0.514
1638	-0.523
1639	-0.532
1640	-0.540
1641	-0.548
1642	-0.555
1643	-0.562
1644	-0.568
1645	-0.574
1646	-0.579
1647	-0.584
1648	-0.588
1649	-0.591
1650	-0.595
1651	-0.597
1652	-0.600
1653	-0.602
1654	-0.603
1655	-0.604
1656	-0.605
1657	-0.605
1658	-0.605
1659	-0.604
1660	-0.603
1661	-0.602
1662	-0.601
1663	-0.599
1664	-0.596
1665	-0.593
1666	-0.590
1667	-0.587
1668	-0.584
1669	-0.580
1670	-0.575
1671	-0.571
1672	-0.566
1673	-0.561
1674	-0.556
1675	-0.550
1676	-0.545
1677	-0.539
1678	-0.533
1679	-0.526
1680	-0.520
1681	-0.513
1682	-0.506
1683	-0.499
1684	-0.491
1685	-0.484
1686	-0.476
1687	-0.469
1688	-0.461
1689	-0.453
1690	-0.445
1691	-0.436
1692	-0.428
1693	-0.420
1694	-0.411
1695	-0.403
1696	-0.394
1697	-0.385
1698	-0.376
1699	-0.367
1700	-0.359
1701	-0.350
1702	-0.341
1703	-0.332
1704	-0.323
1705	-0.314
1706	-0.305
1707	-0.296
1708	-0.287
1709	-0.278
1710	-0.269
1711	-0.260
1712	-0.251
1713	-0.242
1714	-0.234
1715	-0.225
1716	-0.216
1717	-0.208
1718	-0.199
1719	-0.191
1720	-0.182
1721	-0.174
1722	-0.166
1723	-0.158
1724	-0.150
1725	-0.142
1726	-0.135
1727	-0.127
1728	-0.119
1729	-0.112
1730	-0.105
1731	-0.098
1732	-0.091
1733	-0.084
1734	-0.078
1735	-0.071
1736	-0.065
1737	-0.059
1738	-0.053
1739	-0.047
1740	-0.042
1741	-0.036
1742	-0.031
1743	-0.026
1744	-0.021
1745	-0.016
1746	-0.012
1747	-0.008
1748	-0.003
1749	0.001
1750	0.004
1751	0.008
1752	0.011
1753	0.015
1754	0.018
1755	0.021
1756	0.023
1757	0.026
1758	0.028
1759	0.030
1760	0.032
1761	0.034
1762	0.036
1763	0.038
1764	0.039
1765	0.040
1766	0.041
1767	0.042
1768	0.043
1769	0.044
1770	0.045
1771	0.045
1772	0.046
1773	0.046
1774	0.046
1775	0.046
1776	0.046
1777	0.046
1778	0.046
1779	0.046
1780	0.046
1781	0.046
1782	0.045
1783	0.045
1784	0.045
1785	0.044
1786	0.044
1787	0.044
1788	0.043
1789	0.043
1790	0.043
1791	0.042
1792	0.042
1793	0.042
1794	0.041
1795	0.041
1796	0.041
1797	0.040
1798	0.040
1799	0.040
1800	0.040
1801	0.040
1802	0.039
1803	0.039
1804	0.039
1805	0.039
1806	0.039
1807	0.039
1808	0.039
1809	0.038
1810	0.038
1811	0.038
1812	0.038
1813	0.037
1814	0.037
1815	0.036
1816	0.036
1817	0.035
1818	0.034
1819	0.033
1820	0.032
1821	0.031
1822	0.030
1823	0.028
1824	0.027
1825	0.025
1826	0.023
1827	0.020
1828	0.018
1829	0.015
1830	0.012
1831	0.009
1832	0.005
1833	0.001
1834	-0.003
1835	-0.007
1836	-0.012
1837	-0.017
1838	-0.022
1839	-0.028
1840	-0.033
1841	-0.039
1842	-0.046
1843	-0.052
1844	-0.059
1845	-0.066
1846	-0.073
1847	-0.080
1848	-0.087
1849	-0.095
1850	-0.103
1851	-0.110
1852	-0.118
1853	-0.126
1854	-0.133
1855	-0.141
1856	-0.148
1857	-0.156
1858	-0.163
1859	-0.170
1860	-0.176
1861	-0.183
1862	-0.188
1863	-0.194
1864	-0.199
1865	-0.203
1866	-0.207
1867	-0.210
1868	-0.213
1869	-0.215
1870	-0.216
1871	-0.216
1872	-0.216
1873	-0.215
1874	-0.212
1875	-0.209
1876	-0.205
1877	-0.200
1878	-0.194
1879	-0.187
1880	-0.179
1881	-0.170
1882	-0.159
1883	-0.148
1884	-0.136
1885	-0.122
1886	-0.108
1887	-0.093
1888	-0.077
1889	-0.059
1890	-0.041
1891	-0.022
1892	-0.003
1893	0.018
1894	0.039
1895	0.060
1896	0.082
1897	0.105
1898	0.128
1899	0.151
1900	0.174
1901	0.198
1902	0.221
1903	0.244
1904	0.267
1905	0.290
1906	0.312
1907	0.334
1908	0.355
1909	0.375
1910	0.395
1911	0.413
1912	0.430
1913	0.447
1914	0.462
1915	0.475
1916	0.487
1917	0.498
1918	0.507
1919	0.514
1920	0.519
1921	0.523
1922	0.524
1923	0.524
1924	0.522
1925	0.517
1926	0.511
1927	0.503
1928	0.492
1929	0.479
1930	0.465
1931	0.448
1932	0.429
1933	0.409
1934	0.386
1935	0.362
1936	0.335
1937	0.307
1938	0.278
1939	0.247
1940	0.214
1941	0.180
1942	0.145
1943	0.108
1944	0.071
1945	0.033
1946	-0.006
1947	-0.046
1948	-0.086
1949	-0.126
1950	-0.167
1951	-0.207
1952	-0.248
1953	-0.288
1954	-0.328
1955	-0.367
1956	-0.405
1957	-0.443
1958	-0.480
1959	-0.515
1960	-0.549
1961	-0.582
1962	-0.613
1963	-0.643
1964	-0.670
1965	-0.696
1966	-0.720
1967	-0.742
1968	-0.762
1969	-0.779
1970	-0.795
1971	-0.808
1972	-0.818
1973	-0.826
1974	-0.832
1975	-0.835
1976	-0.835
1977	-0.833
1978	-0.829
1979	-0.822
1980	-0.813
1981	-0.801
1982	-0.787
1983	-0.770
1984	-0.751
1985	-0.730
1986	-0.707
1987	-0.681
1988	-0.654
1989	-0.624
1990	-0.593
1991	-0.560
1992	-0.525
1993	-0.489
1994	-0.451
1995	-0.412
1996	-0.372
1997	-0.331
1998	-0.289
1999	-0.246
2000	-0.202
2001	-0.158
2002	-0.113
2003	-0.068
2004	-0.022
2005	0.023
2006	0.069
2007	0.114
2008	0.159
2009	0.204
2010	0.248
2011	0.292
2012	0.335
2013	0.377
2014	0.419
2015	0.459
2016	0.499
2017	0.537
2018	0.574
2019	0.610
2020	0.645
2021	0.678
2022	0.710
2023	0.740
2024	0.769
2025	0.796
2026	0.822
2027	0.845
2028	0.868
2029	0.888
2030	0.907
2031	0.924
2032	0.939
2033	0.953
2034	0.965
2035	0.975
2036	0.983
2037	0.990
2038	0.995
2039	0.998
2040	1.000
2041	1.000
2042	0.998
2043	0.995
2044	0.991
2045	0.984
2046	0.977
2047	0.968
