0	0.000
1	0.039
2	0.078
3	0.118
4	0.156
5	0.195
6	0.233
7	0.271
8	0.309
9	0.346
10	0.383
11	0.419
12	0.454
13	0.489
14	0.522
15	0.556
16	0.588
17	0.619
18	0.649
19	0.679
20	0.707
21	0.734
22	0.760
23	0.785
24	0.809
25	0.831
26	0.853
27	0.872
28	0.891
29	0.908
30	0.924
31	0.938
32	0.951
33	0.962
34	0.972
35	0.981
36	0.988
37	0.993
38	0.997
39	0.999
40	1.000
41	0.999
42	0.997
43	0.993
44	0.988
45	0.981
46	0.972
47	0.962
48	0.951
49	0.938
50	0.924
51	0.908
52	0.891
53	0.872
54	0.853
55	0.831
56	0.809
57	0.785
58	0.760
59	0.734
60	0.707
61	0.679
62	0.649
63	0.619
64	0.588
65	0.556
66	0.522
67	0.489
68	0.454
69	0.419
70	0.383
71	0.346
72	0.309
73	0.271
74	0.233
75	0.195
76	0.156
77	0.118
78	0.078
79	0.039
80	0.000
81	-0.039
82	-0.078
83	-0.118
84	-0.156
85	-0.195
86	-0.233
87	-0.271
88	-0.309
89	-0.346
90	-0.383
91	-0.419
92	-0.454
93	-0.489
94	-0.522
95	-0.556
96	-0.588
97	-0.619
98	-0.649
99	-0.679
100	-0.707
101	-0.734
102	-0.760
103	-0.785
104	-0.809
105	-0.831
106	-0.853
107	-0.872
108	-0.891
109	-0.908
110	-0.924
111	-0.938
112	-0.951
113	-0.962
114	-0.972
115	-0.981
116	-0.988
117	-0.993
118	-0.997
119	-0.999
120	-1.000
121	-0.999
122	-0.997
123	-0.993
124	-0.988
125	-0.981
126	-0.972
127	-0.962
128	-0.951
129	-0.938
130	-0.924
131	-0.908
132	-0.891
133	-0.872
134	-0.853
135	-0.831
136	-0.809
137	-0.785
138	-0.760
139	-0.734
140	-0.707
141	-0.679
142	-0.649
143	-0.619
144	-0.588
145	-0.556
146	-0.522
147	-0.489
148	-0.454
149	-0.419
150	-0.383
151	-0.346
152	-0.309
153	-0.271
154	-0.233
155	-0.195
156	-0.156
157	-0.118
158	-0.078
159	-0.039
160	-0.000
161	0.039
162	0.078
163	0.118
164	0.156
165	0.195
166	0.233
167	0.271
168	0.309
169	0.346
170	0.383
171	0.419
172	0.454
173	0.489
174	0.522
175	0.556
176	0.588
177	0.619
178	0.649
179	0.679
180	0.707
181	0.734
182	0.760
183	0.785
184	0.809
185	0.831
186	0.853
187	0.872
188	0.891
189	0.908
190	0.924
191	0.938
192	0.951
193	0.962
194	0.972
195	0.981
196	0.988
197	0.993
198	0.997
199	0.999
200	1.000
201	0.999
202	0.997
203	0.993
204	0.988
205	0.981
206	0.972
207	0.962
208	0.951
209	0.938
210	0.924
211	0.908
212	0.891
213	0.872
214	0.853
215	0.831
216	0.809
217	0.785
218	0.760
219	0.734
220	0.707
221	0.679
222	0.649
223	0.619
224	0.588
225	0.556
226	0.522
227	0.489
228	0.454
229	0.419
230	0.383
231	0.346
232	0.309
233	0.271
234	0.233
235	0.195
236	0.156
237	0.118
238	0.078
239	0.039
240	0.000
241	-0.039
242	-0.078
243	-0.118
244	-0.156
245	-0.195
246	-0.233
247	-0.271
248	-0.309
249	-0.346
250	-0.383
251	-0.419
252	-0.454
253	-0.489
254	-0.522
255	-0.556
256	-0.588
257	-0.619
258	-0.649
259	-0.679
260	-0.707
261	-0.734
262	-0.760
263	-0.785
264	-0.809
265	-0.831
266	-0.853
267	-0.872
268	-0.891
269	-0.908
270	-0.924
271	-0.938
272	-0.951
273	-0.962
274	-0.972
275	-0.981
276	-0.988
277	-0.993
278	-0.997
279	-0.999
280	-1.000
281	-0.999
282	-0.997
283	-0.993
284	-0.988
285	-0.981
286	-0.972
287	-0.962
288	-0.951
289	-0.938
290	-0.924
291	-0.908
292	-0.891
293	-0.872
294	-0.853
295	-0.831
296	-0.809
297	-0.785
298	-0.760
299	-0.734
300	-0.707
301	-0.679
302	-0.649
303	-0.619
304	-0.588
305	-0.556
306	-0.522
307	-0.489
308	-0.454
309	-0.419
310	-0.383
311	-0.346
312	-0.309
313	-0.271
314	-0.233
315	-0.195
316	-0.156
317	-0.118
318	-0.078
319	-0.039
320	-0.000
321	0.039
322	0.078
323	0.118
324	0.156
325	0.195
326	0.233
327	0.271
328	0.309
329	0.346
330	0.383
331	0.419
332	0.454
333	0.489
334	0.522
335	0.556
336	0.588
337	0.619
338	0.649
339	0.679
340	0.707
341	0.734
342	0.760
343	0.785
344	0.809
345	0.831
346	0.853
347	0.872
348	0.891
349	0.908
350	0.924
351	0.938
352	0.951
353	0.962
354	0.972
355	0.981
356	0.988
357	0.993
358	0.997
359	0.999
360	1.000
361	0.999
362	0.997
363	0.993
364	0.988
365	0.981
366	0.972
367	0.962
368	0.951
369	0.938
370	0.924
371	0.908
372	0.891
373	0.872
374	0.853
375	0.831
376	0.809
377	0.785
378	0.760
379	0.734
380	0.707
381	0.679
382	0.649
383	0.619
384	0.588
385	0.556
386	0.522
387	0.489
388	0.454
389	0.419
390	0.383
391	0.346
392	0.309
393	0.271
394	0.233
395	0.195
396	0.156
397	0.118
398	0.078
399	0.039
400	0.000
401	-0.039
402	-0.078
403	-0.118
404	-0.156
405	-0.195
406	-0.233
407	-0.271
408	-0.309
409	-0.346
410	-0.383
411	-0.419
412	-0.454
413	-0.489
414	-0.522
415	-0.556
416	-0.588
417	-0.619
418	-0.649
419	-0.679
420	-0.707
421	-0.734
422	-0.760
423	-0.785
424	-0.809
425	-0.831
426	-0.853
427	-0.872
428	-0.891
429	-0.908
430	-0.924
431	-0.938
432	-0.951
433	-0.962
434	-0.972
435	-0.981
436	-0.988
437	-0.993
438	-0.997
439	-0.999
440	-1.000
441	-0.999
442	-0.997
443	-0.993
444	-0.988
445	-0.981
446	-0.972
447	-0.962
448	-0.951
449	-0.938
450	-0.924
451	-0.908
452	-0.891
453	-0.872
454	-0.853
455	-0.831
456	-0.809
457	-0.785
458	-0.760
459	-0.734
460	-0.707
461	-0.679
462	-0.649
463	-0.619
464	-0.588
465	-0.556
466	-0.522
467	-0.489
468	-0.454
469	-0.419
470	-0.383
471	-0.346
472	-0.309
473	-0.271
474	-0.233
475	-0.195
476	-0.156
477	-0.118
478	-0.078
479	-0.039
480	-0.000
481	0.039
482	0.078
483	0.118
484	0.156
485	0.195
486	0.233
487	0.271
488	0.309
489	0.346
490	0.383
491	0.419
492	0.454
493	0.489
494	0.522
495	0.556
496	0.588
497	0.619
498	0.649
499	0.679
500	0.707
501	0.734
502	0.760
503	0.785
504	0.809
505	0.831
506	0.853
507	0.872
508	0.891
509	0.908
510	0.924
511	0.938
512	0.951
513	0.962
514	0.972
515	0.981
516	0.988
517	0.993
518	0.997
519	0.999
520	1.000
521	0.999
522	0.997
523	0.993
524	0.988
525	0.981
526	0.972
527	0.962
528	0.951
529	0.938
530	0.924
531	0.908
532	0.891
533	0.872
534	0.853
535	0.831
536	0.809
537	0.785
538	0.760
539	0.734
540	0.707
541	0.679
542	0.649
543	0.619
544	0.588
545	0.556
546	0.522
547	0.489
548	0.454
549	0.419
550	0.383
551	0.346
552	0.309
553	0.271
554	0.233
555	0.195
556	0.156
557	0.118
558	0.078
559	0.039
560	0.000
561	-0.039
562	-0.078
563	-0.118
564	-0.156
565	-0.195
566	-0.233
567	-0.271
568	-0.309
569	-0.346
570	-0.383
571	-0.419
572	-0.454
573	-0.489
574	-0.522
575	-0.556
576	-0.588
577	-0.619
578	-0.649
579	-0.679
580	-0.707
581	-0.734
582	-0.760
583	-0.785
584	-0.809
585	-0.831
586	-0.853
587	-0.872
588	-0.891
589	-0.908
590	-0.924
591	-0.938
592	-0.951
593	-0.962
594	-0.972
595	-0.981
596	-0.988
597	-0.993
598	-0.997
599	-0.999
600	-1.000
601	-0.999
602	-0.997
603	-0.993
604	-0.988
605	-0.981
606	-0.972
607	-0.962
608	-0.951
609	-0.938
610	-0.924
611	-0.908
612	-0.891
613	-0.872
614	-0.853
615	-0.831
616	-0.809
617	-0.785
618	-0.760
619	-0.734
620	-0.707
621	-0.679
622	-0.649
623	-0.619
624	-0.588
625	-0.556
626	-0.522
627	-0.489
628	-0.454
629	-0.419
630	-0.383
631	-0.346
632	-0.309
633	-0.271
634	-0.233
635	-0.195
636	-0.156
637	-0.118
638	-0.078
639	-0.039
640	-0.000
641	0.039
642	0.078
643	0.118
644	0.156
645	0.195
646	0.233
647	0.271
648	0.309
649	0.346
650	0.383
651	0.419
652	0.454
653	0.489
654	0.522
655	0.556
656	0.588
657	0.619
658	0.649
659	0.679
660	0.707
661	0.734
662	0.760
663	0.785
664	0.809
665	0.831
666	0.853
667	0.872
668	0.891
669	0.908
670	0.924
671	0.938
672	0.951
673	0.962
674	0.972
675	0.981
676	0.988
677	0.993
678	0.997
679	0.999
680	1.000
681	0.999
682	0.997
683	0.993
684	0.988
685	0.981
686	0.972
687	0.962
688	0.951
689	0.938
690	0.924
691	0.908
692	0.891
693	0.872
694	0.853
695	0.831
696	0.809
697	0.785
698	0.760
699	0.734
700	0.707
701	0.679
702	0.649
703	0.619
704	0.588
705	0.556
706	0.522
707	0.489
708	0.454
709	0.419
710	0.383
711	0.346
712	0.309
713	0.271
714	0.233
715	0.195
716	0.156
717	0.118
718	0.078
719	0.039
720	0.000
721	-0.039
722	-0.078
723	-0.118
724	-0.156
725	-0.195
726	-0.233
727	-0.271
728	-0.309
729	-0.346
730	-0.383
731	-0.419
732	-0.454
733	-0.489
734	-0.522
735	-0.556
736	-0.588
737	-0.619
738	-0.649
739	-0.679
740	-0.707
741	-0.734
742	-0.760
743	-0.785
744	-0.809
745	-0.831
746	-0.853
747	-0.872
748	-0.891
749	-0.908
750	-0.924
751	-0.938
752	-0.951
753	-0.962
754	-0.972
755	-0.981
756	-0.988
757	-0.993
758	-0.997
759	-0.999
760	-1.000
761	-0.999
762	-0.997
763	-0.993
764	-0.988
765	-0.981
766	-0.972
767	-0.962
768	-0.951
769	-0.938
770	-0.924
771	-0.908
772	-0.891
773	-0.872
774	-0.853
775	-0.831
776	-0.809
777	-0.785
778	-0.760
779	-0.734
780	-0.707
781	-0.679
782	-0.649
783	-0.619
784	-0.588
785	-0.556
786	-0.522
787	-0.489
788	-0.454
789	-0.419
790	-0.383
791	-0.346
792	-0.309
793	-0.271
794	-0.233
795	-0.195
796	-0.156
797	-0.118
798	-0.078
799	-0.039
800	-0.000
801	0.039
802	0.078
803	0.118
804	0.156
805	0.195
806	0.233
807	0.271
808	0.309
809	0.346
810	0.383
811	0.419
812	0.454
813	0.489
814	0.522
815	0.556
816	0.588
817	0.619
818	0.649
819	0.679
820	0.707
821	0.734
822	0.760
823	0.785
824	0.809
825	0.831
826	0.853
827	0.872
828	0.891
829	0.908
830	0.924
831	0.938
832	0.951
833	0.962
834	0.972
835	0.981
836	0.988
837	0.993
838	0.997
839	0.999
840	1.000
841	0.999
842	0.997
843	0.993
844	0.988
845	0.981
846	0.972
847	0.962
848	0.951
849	0.938
850	0.924
851	0.908
852	0.891
853	0.872
854	0.853
855	0.831
856	0.809
857	0.785
858	0.760
859	0.734
860	0.707
861	0.679
862	0.649
863	0.619
864	0.588
865	0.556
866	0.522
867	0.489
868	0.454
869	0.419
870	0.383
871	0.346
872	0.309
873	0.271
874	0.233
875	0.195
876	0.156
877	0.118
878	0.078
879	0.039
880	0.000
881	-0.039
882	-0.078
883	-0.118
884	-0.156
885	-0.195
886	-0.233
887	-0.271
888	-0.309
889	-0.346
890	-0.383
891	-0.419
892	-0.454
893	-0.489
894	-0.522
895	-0.556
896	-0.588
897	-0.619
898	-0.649
899	-0.679
900	-0.707
901	-0.734
902	-0.760
903	-0.785
904	-0.809
905	-0.831
906	-0.853
907	-0.872
908	-0.891
909	-0.908
910	-0.924
911	-0.938
912	-0.951
913	-0.962
914	-0.972
915	-0.981
916	-0.988
917	-0.993
918	-0.997
919	-0.999
920	-1.000
921	-0.999
922	-0.997
923	-0.993
924	-0.988
925	-0.981
926	-0.972
927	-0.962
928	-0.951
929	-0.938
930	-0.924
931	-0.908
932	-0.891
933	-0.872
934	-0.853
935	-0.831
936	-0.809
937	-0.785
938	-0.760
939	-0.734
940	-0.707
941	-0.679
942	-0.649
943	-0.619
944	-0.588
945	-0.556
946	-0.522
947	-0.489
948	-0.454
949	-0.419
950	-0.383
951	-0.346
952	-0.309
953	-0.271
954	-0.233
955	-0.195
956	-0.156
957	-0.118
958	-0.078
959	-0.039
960	-0.000
961	0.039
962	0.078
963	0.118
964	0.156
965	0.195
966	0.233
967	0.271
968	0.309
969	0.346
970	0.383
971	0.419
972	0.454
973	0.489
974	0.522
975	0.556
976	0.588
977	0.619
978	0.649
979	0.679
980	0.707
981	0.734
982	0.760
983	0.785
984	0.809
985	0.831
986	0.853
987	0.872
988	0.891
989	0.908
990	0.924
991	0.938
992	0.951
993	0.962
994	0.972
995	0.981
996	0.988
997	0.993
998	0.997
999	0.999
1000	1.000
1001	0.999
1002	0.997
1003	0.993
1004	0.988
1005	0.981
1006	0.972
1007	0.962
1008	0.951
1009	0.938
1010	0.924
1011	0.908
1012	0.891
1013	0.872
1014	0.853
1015	0.831
1016	0.809
1017	0.785
1018	0.760
1019	0.734
1020	0.707
1021	0.679
1022	0.649
1023	0.619
1024	0.588
1025	0.556
1026	0.522
1027	0.489
1028	0.454
1029	0.419
1030	0.383
1031	0.346
1032	0.309
1033	0.271
1034	0.233
1035	0.195
1036	0.156
1037	0.118
1038	0.078
1039	0.039
1040	-0.000
1041	-0.039
1042	-0.078
1043	-0.118
1044	-0.156
1045	-0.195
1046	-0.233
1047	-0.271
1048	-0.309
1049	-0.346
1050	-0.383
1051	-0.419
1052	-0.454
1053	-0.489
1054	-0.522
1055	-0.556
1056	-0.588
1057	-0.619
1058	-0.649
1059	-0.679
1060	-0.707
1061	-0.734
1062	-0.760
1063	-0.785
1064	-0.809
1065	-0.831
1066	-0.853
1067	-0.872
1068	-0.891
1069	-0.908
1070	-0.924
1071	-0.938
1072	-0.951
1073	-0.962
1074	-0.972
1075	-0.981
1076	-0.988
1077	-0.993
1078	-0.997
1079	-0.999
1080	-1.000
1081	-0.999
1082	-0.997
1083	-0.993
1084	-0.988
1085	-0.981
1086	-0.972
1087	-0.962
1088	-0.951
1089	-0.938
1090	-0.924
1091	-0.908
1092	-0.891
1093	-0.872
1094	-0.853
1095	-0.831
1096	-0.809
1097	-0.785
1098	-0.760
1099	-0.734
1100	-0.707
1101	-0.679
1102	-0.649
1103	-0.619
1104	-0.588
1105	-0.556
1106	-0.522
1107	-0.489
1108	-0.454
1109	-0.419
1110	-0.383
1111	-0.346
1112	-0.309
1113	-0.271
1114	-0.233
1115	-0.195
1116	-0.156
1117	-0.118
1118	-0.078
1119	-0.039
1120	-0.000
1121	0.039
1122	0.078
1123	0.118
1124	0.156
1125	0.195
1126	0.233
1127	0.271
1128	0.309
1129	0.346
1130	0.383
1131	0.419
1132	0.454
1133	0.489
1134	0.522
1135	0.556
1136	0.588
1137	0.619
1138	0.649
1139	0.679
1140	0.707
1141	0.734
1142	0.760
1143	0.785
1144	0.809
1145	0.831
1146	0.853
1147	0.872
1148	0.891
1149	0.908
1150	0.924
1151	0.938
1152	0.951
1153	0.962
1154	0.972
1155	0.981
1156	0.988
1157	0.993
1158	0.997
1159	0.999
1160	1.000
1161	0.999
1162	0.997
1163	0.993
1164	0.988
1165	0.981
1166	0.972
1167	0.962
1168	0.951
1169	0.938
1170	0.924
1171	0.908
1172	0.891
1173	0.872
1174	0.853
1175	0.831
1176	0.809
1177	0.785
1178	0.760
1179	0.734
1180	0.707
1181	0.679
1182	0.649
1183	0.619
1184	0.588
1185	0.556
1186	0.522
1187	0.489
1188	0.454
1189	0.419
1190	0.383
1191	0.346
1192	0.309
1193	0.271
1194	0.233
1195	0.195
1196	0.156
1197	0.118
1198	0.078
1199	0.039
1200	0.000
1201	-0.039
1202	-0.078
1203	-0.118
1204	-0.156
1205	-0.195
1206	-0.233
1207	-0.271
1208	-0.309
1209	-0.346
1210	-0.383
1211	-0.419
1212	-0.454
1213	-0.489
1214	-0.522
1215	-0.556
1216	-0.588
1217	-0.619
1218	-0.649
1219	-0.679
1220	-0.707
1221	-0.734
1222	-0.760
1223	-0.785
1224	-0.809
1225	-0.831
1226	-0.853
1227	-0.872
1228	-0.891
1229	-0.908
1230	-0.924
1231	-0.938
1232	-0.951
1233	-0.962
1234	-0.972
1235	-0.981
1236	-0.988
1237	-0.993
1238	-0.997
1239	-0.999
1240	-1.000
1241	-0.999
1242	-0.997
1243	-0.993
1244	-0.988
1245	-0.981
1246	-0.972
1247	-0.962
1248	-0.951
1249	-0.938
1250	-0.924
1251	-0.908
1252	-0.891
1253	-0.872
1254	-0.853
1255	-0.831
1256	-0.809
1257	-0.785
1258	-0.760
1259	-0.734
1260	-0.707
1261	-0.679
1262	-0.649
1263	-0.619
1264	-0.588
1265	-0.556
1266	-0.522
1267	-0.489
1268	-0.454
1269	-0.419
1270	-0.383
1271	-0.346
1272	-0.309
1273	-0.271
1274	-0.233
1275	-0.195
1276	-0.156
1277	-0.118
1278	-0.078
1279	-0.039
1280	-0.000
1281	0.039
1282	0.078
1283	0.118
1284	0.156
1285	0.195
1286	0.233
1287	0.271
1288	0.309
1289	0.346
1290	0.383
1291	0.419
1292	0.454
1293	0.489
1294	0.522
1295	0.556
1296	0.588
1297	0.619
1298	0.649
1299	0.679
1300	0.707
1301	0.734
1302	0.760
1303	0.785
1304	0.809
1305	0.831
1306	0.853
1307	0.872
1308	0.891
1309	0.908
1310	0.924
1311	0.938
1312	0.951
1313	0.962
1314	0.972
1315	0.981
1316	0.988
1317	0.993
1318	0.997
1319	0.999
1320	1.000
1321	0.999
1322	0.997
1323	0.993
1324	0.988
1325	0.981
1326	0.972
1327	0.962
1328	0.951
1329	0.938
1330	0.924
1331	0.908
1332	0.891
1333	0.872
1334	0.853
1335	0.831
1336	0.809
1337	0.785
1338	0.760
1339	0.734
1340	0.707
1341	0.679
1342	0.649
1343	0.619
1344	0.588
1345	0.556
1346	0.522
1347	0.489
1348	0.454
1349	0.419
1350	0.383
1351	0.346
1352	0.309
1353	0.271
1354	0.233
1355	0.195
1356	0.156
1357	0.118
1358	0.078
1359	0.039
1360	-0.000
1361	-0.039
1362	-0.078
1363	-0.118
1364	-0.156
1365	-0.195
1366	-0.233
1367	-0.271
1368	-0.309
1369	-0.346
1370	-0.383
1371	-0.419
1372	-0.454
1373	-0.489
1374	-0.522
1375	-0.556
1376	-0.588
1377	-0.619
1378	-0.649
1379	-0.679
1380	-0.707
1381	-0.734
1382	-0.760
1383	-0.785
1384	-0.809
1385	-0.831
1386	-0.853
1387	-0.872
1388	-0.891
1389	-0.908
1390	-0.924
1391	-0.938
1392	-0.951
1393	-0.962
1394	-0.972
1395	-0.981
1396	-0.988
1397	-0.993
1398	-0.997
1399	-0.999
1400	-1.000
1401	-0.999
1402	-0.997
1403	-0.993
1404	-0.988
1405	-0.981
1406	-0.972
1407	-0.962
1408	-0.951
1409	-0.938
1410	-0.924
1411	-0.908
1412	-0.891
1413	-0.872
1414	-0.853
1415	-0.831
1416	-0.809
1417	-0.785
1418	-0.760
1419	-0.734
1420	-0.707
1421	-0.679
1422	-0.649
1423	-0.619
1424	-0.588
1425	-0.556
1426	-0.522
1427	-0.489
1428	-0.454
1429	-0.419
1430	-0.383
1431	-0.346
1432	-0.309
1433	-0.271
1434	-0.233
1435	-0.195
1436	-0.156
1437	-0.118
1438	-0.078
1439	-0.039
1440	-0.000
1441	0.039
1442	0.078
1443	0.118
1444	0.156
1445	0.195
1446	0.233
1447	0.271
1448	0.309
1449	0.346
1450	0.383
1451	0.419
1452	0.454
1453	0.489
1454	0.522
1455	0.556
1456	0.588
1457	0.619
1458	0.649
1459	0.679
1460	0.707
1461	0.734
1462	0.760
1463	0.785
1464	0.809
1465	0.831
1466	0.853
1467	0.872
1468	0.891
1469	0.908
1470	0.924
1471	0.938
1472	0.951
1473	0.962
1474	0.972
1475	0.981
1476	0.988
1477	0.993
1478	0.997
1479	0.999
1480	1.000
1481	0.999
1482	0.997
1483	0.993
1484	0.988
1485	0.981
1486	0.972
1487	0.962
1488	0.951
1489	0.938
1490	0.924
1491	0.908
1492	0.891
1493	0.872
1494	0.853
1495	0.831
1496	0.809
1497	0.785
1498	0.760
1499	0.734
1500	0.707
1501	0.679
1502	0.649
1503	0.619
1504	0.588
1505	0.556
1506	0.522
1507	0.489
1508	0.454
1509	0.419
1510	0.383
1511	0.346
1512	0.309
1513	0.271
1514	0.233
1515	0.195
1516	0.156
1517	0.118
1518	0.078
1519	0.039
1520	0.000
1521	-0.039
1522	-0.078
1523	-0.118
1524	-0.156
1525	-0.195
1526	-0.233
1527	-0.271
1528	-0.309
1529	-0.346
1530	-0.383
1531	-0.419
1532	-0.454
1533	-0.489
1534	-0.522
1535	-0.556
1536	-0.588
1537	-0.619
1538	-0.649
1539	-0.679
1540	-0.707
1541	-0.734
1542	-0.760
1543	-0.785
1544	-0.809
1545	-0.831
1546	-0.853
1547	-0.872
1548	-0.891
1549	-0.908
1550	-0.924
1551	-0.938
1552	-0.951
1553	-0.962
1554	-0.972
1555	-0.981
1556	-0.988
1557	-0.993
1558	-0.997
1559	-0.999
1560	-1.000
1561	-0.999
1562	-0.997
1563	-0.993
1564	-0.988
1565	-0.981
1566	-0.972
1567	-0.962
1568	-0.951
1569	-0.938
1570	-0.924
1571	-0.908
1572	-0.891
1573	-0.872
1574	-0.853
1575	-0.831
1576	-0.809
1577	-0.785
1578	-0.760
1579	-0.734
1580	-0.707
1581	-0.679
1582	-0.649
1583	-0.619
1584	-0.588
1585	-0.556
1586	-0.522
1587	-0.489
1588	-0.454
1589	-0.419
1590	-0.383
1591	-0.346
1592	-0.309
1593	-0.271
1594	-0.233
1595	-0.195
1596	-0.156
1597	-0.118
1598	-0.078
1599	-0.039
1600	-0.000
1601	0.039
1602	0.078
1603	0.118
1604	0.156
1605	0.195
1606	0.233
1607	0.271
1608	0.309
1609	0.346
1610	0.383
1611	0.419
1612	0.454
1613	0.489
1614	0.522
1615	0.556
1616	0.588
1617	0.619
1618	0.649
1619	0.679
1620	0.707
1621	0.734
1622	0.760
1623	0.785
1624	0.809
1625	0.831
1626	0.853
1627	0.872
1628	0.891
1629	0.908
1630	0.924
1631	0.938
1632	0.951
1633	0.962
1634	0.972
1635	0.981
1636	0.988
1637	0.993
1638	0.997
1639	0.999
1640	1.000
1641	0.999
1642	0.997
1643	0.993
1644	0.988
1645	0.981
1646	0.972
1647	0.962
1648	0.951
1649	0.938
1650	0.924
1651	0.908
1652	0.891
1653	0.872
1654	0.853
1655	0.831
1656	0.809
1657	0.785
1658	0.760
1659	0.734
1660	0.707
1661	0.679
1662	0.649
1663	0.619
1664	0.588
1665	0.556
1666	0.522
1667	0.489
1668	0.454
1669	0.419
1670	0.383
1671	0.346
1672	0.309
1673	0.271
1674	0.233
1675	0.195
1676	0.156
1677	0.118
1678	0.078
1679	0.039
1680	-0.000
1681	-0.039
1682	-0.078
1683	-0.118
1684	-0.156
1685	-0.195
1686	-0.233
1687	-0.271
1688	-0.309
1689	-0.346
1690	-0.383
1691	-0.419
1692	-0.454
1693	-0.489
1694	-0.522
1695	-0.556
1696	-0.588
1697	-0.619
1698	-0.649
1699	-0.679
1700	-0.707
1701	-0.734
1702	-0.760
1703	-0.785
1704	-0.809
1705	-0.831
1706	-0.853
1707	-0.872
1708	-0.891
1709	-0.908
1710	-0.924
1711	-0.938
1712	-0.951
1713	-0.962
1714	-0.972
1715	-0.981
1716	-0.988
1717	-0.993
1718	-0.997
1719	-0.999
1720	-1.000
1721	-0.999
1722	-0.997
1723	-0.993
1724	-0.988
1725	-0.981
1726	-0.972
1727	-0.962
1728	-0.951
1729	-0.938
1730	-0.924
1731	-0.908
1732	-0.891
1733	-0.872
1734	-0.853
1735	-0.831
1736	-0.809
1737	-0.785
1738	-0.760
1739	-0.734
1740	-0.707
1741	-0.679
1742	-0.649
1743	-0.619
1744	-0.588
1745	-0.556
1746	-0.522
1747	-0.489
1748	-0.454
1749	-0.419
1750	-0.383
1751	-0.346
1752	-0.309
1753	-0.271
1754	-0.233
1755	-0.195
1756	-0.156
1757	-0.118
1758	-0.078
1759	-0.039
1760	-0.000
1761	0.039
1762	0.078
1763	0.118
1764	0.156
1765	0.195
1766	0.233
1767	0.271
1768	0.309
1769	0.346
1770	0.383
1771	0.419
1772	0.454
1773	0.489
1774	0.522
1775	0.556
1776	0.588
1777	0.619
1778	0.649
1779	0.679
1780	0.707
1781	0.734
1782	0.760
1783	0.785
1784	0.809
1785	0.831
1786	0.853
1787	0.872
1788	0.891
1789	0.908
1790	0.924
1791	0.938
1792	0.951
1793	0.962
1794	0.972
1795	0.981
1796	0.988
1797	0.993
1798	0.997
1799	0.999
1800	1.000
1801	0.999
1802	0.997
1803	0.993
1804	0.988
1805	0.981
1806	0.972
1807	0.962
1808	0.951
1809	0.938
1810	0.924
1811	0.908
1812	0.891
1813	0.872
1814	0.853
1815	0.831
1816	0.809
1817	0.785
1818	0.760
1819	0.734
1820	0.707
1821	0.679
1822	0.649
1823	0.619
1824	0.588
1825	0.556
1826	0.522
1827	0.489
1828	0.454
1829	0.419
1830	0.383
1831	0.346
1832	0.309
1833	0.271
1834	0.233
1835	0.195
1836	0.156
1837	0.118
1838	0.078
1839	0.039
1840	0.000
1841	-0.039
1842	-0.078
1843	-0.118
1844	-0.156
1845	-0.195
1846	-0.233
1847	-0.271
1848	-0.309
1849	-0.346
1850	-0.383
1851	-0.419
1852	-0.454
1853	-0.489
1854	-0.522
1855	-0.556
1856	-0.588
1857	-0.619
1858	-0.649
1859	-0.679
1860	-0.707
1861	-0.734
1862	-0.760
1863	-0.785
1864	-0.809
1865	-0.831
1866	-0.853
1867	-0.872
1868	-0.891
1869	-0.908
1870	-0.924
1871	-0.938
1872	-0.951
1873	-0.962
1874	-0.972
1875	-0.981
1876	-0.988
1877	-0.993
1878	-0.997
1879	-0.999
1880	-1.000
1881	-0.999
1882	-0.997
1883	-0.993
1884	-0.988
1885	-0.981
1886	-0.972
1887	-0.962
1888	-0.951
1889	-0.938
1890	-0.924
1891	-0.908
1892	-0.891
1893	-0.872
1894	-0.853
1895	-0.831
1896	-0.809
1897	-0.785
1898	-0.760
1899	-0.734
1900	-0.707
1901	-0.679
1902	-0.649
1903	-0.619
1904	-0.588
1905	-0.556
1906	-0.522
1907	-0.489
1908	-0.454
1909	-0.419
1910	-0.383
1911	-0.346
1912	-0.309
1913	-0.271
1914	-0.233
1915	-0.195
1916	-0.156
1917	-0.118
1918	-0.078
1919	-0.039
1920	-0.000
1921	0.039
1922	0.078
1923	0.118
1924	0.156
1925	0.195
1926	0.233
1927	0.271
1928	0.309
1929	0.346
1930	0.383
1931	0.419
1932	0.454
1933	0.489
1934	0.522
1935	0.556
1936	0.588
1937	0.619
1938	0.649
1939	0.679
1940	0.707
1941	0.734
1942	0.760
1943	0.785
1944	0.809
1945	0.831
1946	0.853
1947	0.872
1948	0.891
1949	0.908
1950	0.924
1951	0.938
1952	0.951
1953	0.962
1954	0.972
1955	0.981
1956	0.988
1957	0.993
1958	0.997
1959	0.999
1960	1.000
1961	0.999
1962	0.997
1963	0.993
1964	0.988
1965	0.981
1966	0.972
1967	0.962
1968	0.951
1969	0.938
1970	0.924
1971	0.908
1972	0.891
1973	0.872
1974	0.853
1975	0.831
1976	0.809
1977	0.785
1978	0.760
1979	0.734
1980	0.707
1981	0.679
1982	0.649
1983	0.619
1984	0.588
1985	0.556
1986	0.522
1987	0.489
1988	0.454
1989	0.419
1990	0.383
1991	0.346
1992	0.309
1993	0.271
1994	0.233
1995	0.195
1996	0.156
1997	0.118
1998	0.078
1999	0.039
2000	-0.000
2001	-0.039
2002	-0.078
2003	-0.118
2004	-0.156
2005	-0.195
2006	-0.233
2007	-0.271
2008	-0.309
2009	-0.346
2010	-0.383
2011	-0.419
2012	-0.454
2013	-0.489
2014	-0.522
2015	-0.556
2016	-0.588
2017	-0.619
2018	-0.649
2019	-0.679
2020	-0.707
2021	-0.734
2022	-0.760
2023	-0.785
2024	-0.809
2025	-0.831
2026	-0.853
2027	-0.872
2028	-0.891
2029	-0.908
2030	-0.924
2031	-0.938
2032	-0.951
2033	-0.962
2034	-0.972
2035	-0.981
2036	-0.988
2037	-0.993
2038	-0.997
2039	-0.999
2040	-1.000
2041	-0.999
2042	-0.997
2043	-0.993
2044	-0.988
2045	-0.981
2046	-0.972
2047	-0.962
