0.000	-35.067
23.438	-34.968
46.875	-34.671
70.312	-34.179
93.750	-33.492
117.188	-32.604
140.625	-31.503
164.062	-30.157
187.500	-28.508
210.938	-26.443
234.375	-23.732
257.812	-19.820
281.250	-12.693
304.688	-0.561
328.125	-16.029
351.562	-21.198
375.000	-24.357
398.438	-26.624
421.875	-28.386
445.312	-29.822
468.750	-31.033
492.188	-32.077
515.625	-32.994
539.062	-33.810
562.500	-34.546
585.938	-35.215
609.375	-35.828
632.812	-36.394
656.250	-36.919
679.688	-37.410
703.125	-37.869
726.562	-38.302
750.000	-38.711
773.438	-39.098
796.875	-39.465
820.312	-39.816
843.750	-40.150
867.188	-40.471
890.625	-40.778
914.062	-41.072
937.500	-41.356
960.938	-41.630
984.375	-41.894
1007.812	-42.149
1031.250	-42.395
1054.688	-42.634
1078.125	-42.866
1101.562	-43.091
1125.000	-43.309
1148.438	-43.522
1171.875	-43.729
1195.312	-43.930
1218.750	-44.126
1242.188	-44.318
1265.625	-44.505
1289.062	-44.687
1312.500	-44.865
1335.938	-45.040
1359.375	-45.210
1382.812	-45.377
1406.250	-45.541
1429.688	-45.701
1453.125	-45.858
1476.562	-46.012
1500.000	-46.163
1523.438	-46.311
1546.875	-46.457
1570.312	-46.600
1593.750	-46.740
1617.188	-46.878
1640.625	-47.014
1664.062	-47.147
1687.500	-47.279
1710.938	-47.408
1734.375	-47.535
1757.812	-47.660
1781.250	-47.783
1804.688	-47.905
1828.125	-48.024
1851.562	-48.142
1875.000	-48.258
1898.438	-48.373
1921.875	-48.485
1945.312	-48.597
1968.750	-48.707
1992.188	-48.815
2015.625	-48.922
2039.062	-49.028
2062.500	-49.132
2085.938	-49.235
2109.375	-49.336
2132.812	-49.437
2156.250	-49.536
2179.688	-49.634
2203.125	-49.731
2226.562	-49.826
2250.000	-49.921
2273.438	-50.014
2296.875	-50.107
2320.312	-50.198
2343.750	-50.288
2367.188	-50.378
2390.625	-50.466
2414.062	-50.554
2437.500	-50.640
2460.938	-50.726
2484.375	-50.811
2507.812	-50.895
2531.250	-50.978
2554.688	-51.060
2578.125	-51.141
2601.562	-51.222
2625.000	-51.302
2648.438	-51.381
2671.875	-51.459
2695.312	-51.536
2718.750	-51.613
2742.188	-51.689
2765.625	-51.765
2789.062	-51.839
2812.500	-51.913
2835.938	-51.987
2859.375	-52.060
2882.812	-52.132
2906.250	-52.203
2929.688	-52.274
2953.125	-52.344
2976.562	-52.414
3000.000	-52.483
3023.438	-52.551
3046.875	-52.619
3070.312	-52.686
3093.750	-52.753
3117.188	-52.819
3140.625	-52.885
3164.062	-52.950
3187.500	-53.015
3210.938	-53.079
3234.375	-53.143
3257.812	-53.206
3281.250	-53.269
3304.688	-53.331
3328.125	-53.392
3351.562	-53.454
3375.000	-53.515
3398.438	-53.575
3421.875	-53.635
3445.312	-53.694
3468.750	-53.753
3492.188	-53.812
3515.625	-53.870
3539.062	-53.928
3562.500	-53.985
3585.938	-54.042
3609.375	-54.099
3632.812	-54.155
3656.250	-54.211
3679.688	-54.266
3703.125	-54.321
3726.562	-54.376
3750.000	-54.430
3773.438	-54.484
3796.875	-54.537
3820.312	-54.591
3843.750	-54.643
3867.188	-54.696
3890.625	-54.748
3914.062	-54.800
3937.500	-54.851
3960.938	-54.903
3984.375	-54.953
4007.812	-55.004
4031.250	-55.054
4054.688	-55.104
4078.125	-55.154
4101.562	-55.203
4125.000	-55.252
4148.438	-55.300
4171.875	-55.349
4195.312	-55.397
4218.750	-55.445
4242.188	-55.492
4265.625	-55.539
4289.062	-55.586
4312.500	-55.633
4335.938	-55.679
4359.375	-55.726
4382.812	-55.771
4406.250	-55.817
4429.688	-55.862
4453.125	-55.907
4476.562	-55.952
4500.000	-55.997
4523.438	-56.041
4546.875	-56.085
4570.312	-56.129
4593.750	-56.173
4617.188	-56.216
4640.625	-56.259
4664.062	-56.302
4687.500	-56.345
4710.938	-56.387
4734.375	-56.429
4757.812	-56.471
4781.250	-56.513
4804.688	-56.554
4828.125	-56.596
4851.562	-56.637
4875.000	-56.678
4898.438	-56.718
4921.875	-56.759
4945.312	-56.799
4968.750	-56.839
4992.188	-56.879
5015.625	-56.918
5039.062	-56.958
5062.500	-56.997
5085.938	-57.036
5109.375	-57.075
5132.812	-57.113
5156.250	-57.152
5179.688	-57.190
5203.125	-57.228
5226.562	-57.266
5250.000	-57.303
5273.438	-57.341
5296.875	-57.378
5320.312	-57.415
5343.750	-57.452
5367.188	-57.489
5390.625	-57.525
5414.062	-57.562
5437.500	-57.598
5460.938	-57.634
5484.375	-57.670
5507.812	-57.706
5531.250	-57.741
5554.688	-57.777
5578.125	-57.812
5601.562	-57.847
5625.000	-57.882
5648.438	-57.917
5671.875	-57.951
5695.312	-57.986
5718.750	-58.020
5742.188	-58.054
5765.625	-58.088
5789.062	-58.122
5812.500	-58.155
5835.938	-58.189
5859.375	-58.222
5882.812	-58.255
5906.250	-58.288
5929.688	-58.321
5953.125	-58.354
5976.562	-58.386
6000.000	-58.419
6023.438	-58.451
6046.875	-58.483
6070.312	-58.515
6093.750	-58.547
6117.188	-58.579
6140.625	-58.611
6164.062	-58.642
6187.500	-58.674
6210.938	-58.705
6234.375	-58.736
6257.812	-58.767
6281.250	-58.798
6304.688	-58.829
6328.125	-58.859
6351.562	-58.889
6375.000	-58.920
6398.438	-58.950
6421.875	-58.980
6445.312	-59.010
6468.750	-59.040
6492.188	-59.069
6515.625	-59.099
6539.062	-59.128
6562.500	-59.158
6585.938	-59.187
6609.375	-59.216
6632.812	-59.245
6656.250	-59.274
6679.688	-59.302
6703.125	-59.331
6726.562	-59.359
6750.000	-59.388
6773.438	-59.416
6796.875	-59.444
6820.312	-59.472
6843.750	-59.500
6867.188	-59.528
6890.625	-59.556
6914.062	-59.583
6937.500	-59.611
6960.938	-59.638
6984.375	-59.666
7007.812	-59.693
7031.250	-59.720
7054.688	-59.747
7078.125	-59.774
7101.562	-59.800
7125.000	-59.827
7148.438	-59.854
7171.875	-59.880
7195.312	-59.906
7218.750	-59.933
7242.188	-59.959
7265.625	-59.985
7289.062	-60.011
7312.500	-60.037
7335.938	-60.062
7359.375	-60.088
7382.812	-60.114
7406.250	-60.139
7429.688	-60.164
7453.125	-60.190
7476.562	-60.215
7500.000	-60.240
7523.438	-60.265
7546.875	-60.290
7570.312	-60.315
7593.750	-60.339
7617.188	-60.364
7640.625	-60.389
7664.062	-60.413
7687.500	-60.437
7710.938	-60.462
7734.375	-60.486
7757.812	-60.510
7781.250	-60.534
7804.688	-60.558
7828.125	-60.582
7851.562	-60.605
7875.000	-60.629
7898.438	-60.653
7921.875	-60.676
7945.312	-60.699
7968.750	-60.723
7992.188	-60.746
8015.625	-60.769
8039.062	-60.792
8062.500	-60.815
8085.938	-60.838
8109.375	-60.861
8132.812	-60.884
8156.250	-60.906
8179.688	-60.929
8203.125	-60.952
8226.562	-60.974
8250.000	-60.996
8273.438	-61.019
8296.875	-61.041
8320.312	-61.063
8343.750	-61.085
8367.188	-61.107
8390.625	-61.129
8414.062	-61.151
8437.500	-61.172
8460.938	-61.194
8484.375	-61.216
8507.812	-61.237
8531.250	-61.259
8554.688	-61.280
8578.125	-61.301
8601.562	-61.322
8625.000	-61.344
8648.438	-61.365
8671.875	-61.386
8695.312	-61.406
8718.750	-61.427
8742.188	-61.448
8765.625	-61.469
8789.062	-61.490
8812.500	-61.510
8835.938	-61.531
8859.375	-61.551
8882.812	-61.572
8906.250	-61.592
8929.688	-61.612
8953.125	-61.632
8976.562	-61.652
9000.000	-61.672
9023.438	-61.692
9046.875	-61.712
9070.312	-61.732
9093.750	-61.752
9117.188	-61.772
9140.625	-61.791
9164.062	-61.811
9187.500	-61.830
9210.938	-61.850
9234.375	-61.869
9257.812	-61.889
9281.250	-61.908
9304.688	-61.927
9328.125	-61.946
9351.562	-61.965
9375.000	-61.984
9398.438	-62.003
9421.875	-62.022
9445.312	-62.041
9468.750	-62.060
9492.188	-62.078
9515.625	-62.097
9539.062	-62.115
9562.500	-62.134
9585.938	-62.152
9609.375	-62.171
9632.812	-62.189
9656.250	-62.207
9679.688	-62.226
9703.125	-62.244
9726.562	-62.262
9750.000	-62.280
9773.438	-62.298
9796.875	-62.316
9820.312	-62.334
9843.750	-62.352
9867.188	-62.369
9890.625	-62.387
9914.062	-62.405
9937.500	-62.422
9960.938	-62.440
9984.375	-62.457
10007.812	-62.475
10031.250	-62.492
10054.688	-62.509
10078.125	-62.527
10101.562	-62.544
10125.000	-62.561
10148.438	-62.578
10171.875	-62.595
10195.312	-62.612
10218.750	-62.629
10242.188	-62.646
10265.625	-62.663
10289.062	-62.679
10312.500	-62.696
10335.938	-62.713
10359.375	-62.729
10382.812	-62.746
10406.250	-62.763
10429.688	-62.779
10453.125	-62.795
10476.562	-62.812
10500.000	-62.828
10523.438	-62.844
10546.875	-62.861
10570.312	-62.877
10593.750	-62.893
10617.188	-62.909
10640.625	-62.925
10664.062	-62.941
10687.500	-62.957
10710.938	-62.972
10734.375	-62.988
10757.812	-63.004
10781.250	-63.020
10804.688	-63.035
10828.125	-63.051
10851.562	-63.067
10875.000	-63.082
10898.438	-63.098
10921.875	-63.113
10945.312	-63.128
10968.750	-63.144
10992.188	-63.159
11015.625	-63.174
11039.062	-63.189
11062.500	-63.204
11085.938	-63.219
11109.375	-63.235
11132.812	-63.250
11156.250	-63.264
11179.688	-63.279
11203.125	-63.294
11226.562	-63.309
11250.000	-63.324
11273.438	-63.338
11296.875	-63.353
11320.312	-63.368
11343.750	-63.382
11367.188	-63.397
11390.625	-63.411
11414.062	-63.426
11437.500	-63.440
11460.938	-63.455
11484.375	-63.469
11507.812	-63.483
11531.250	-63.497
11554.688	-63.511
11578.125	-63.526
11601.562	-63.540
11625.000	-63.554
11648.438	-63.568
11671.875	-63.582
11695.312	-63.596
11718.750	-63.609
11742.188	-63.623
11765.625	-63.637
11789.062	-63.651
11812.500	-63.665
11835.938	-63.678
11859.375	-63.692
11882.812	-63.705
11906.250	-63.719
11929.688	-63.732
11953.125	-63.746
11976.562	-63.759
12000.000	-63.773
12023.438	-63.786
12046.875	-63.799
12070.312	-63.813
12093.750	-63.826
12117.188	-63.839
12140.625	-63.852
12164.062	-63.865
12187.500	-63.878
12210.938	-63.891
12234.375	-63.904
12257.812	-63.917
12281.250	-63.930
12304.688	-63.943
12328.125	-63.956
12351.562	-63.968
12375.000	-63.981
12398.438	-63.994
12421.875	-64.006
12445.312	-64.019
12468.750	-64.032
12492.188	-64.044
12515.625	-64.057
12539.062	-64.069
12562.500	-64.082
12585.938	-64.094
12609.375	-64.106
12632.812	-64.119
12656.250	-64.131
12679.688	-64.143
12703.125	-64.155
12726.562	-64.167
12750.000	-64.180
12773.438	-64.192
12796.875	-64.204
12820.312	-64.216
12843.750	-64.228
12867.188	-64.240
12890.625	-64.251
12914.062	-64.263
12937.500	-64.275
12960.938	-64.287
12984.375	-64.299
13007.812	-64.310
13031.250	-64.322
13054.688	-64.334
13078.125	-64.345
13101.562	-64.357
13125.000	-64.368
13148.438	-64.380
13171.875	-64.391
13195.312	-64.403
13218.750	-64.414
13242.188	-64.426
13265.625	-64.437
13289.062	-64.448
13312.500	-64.459
13335.938	-64.471
13359.375	-64.482
13382.812	-64.493
13406.250	-64.504
13429.688	-64.515
13453.125	-64.526
13476.562	-64.537
13500.000	-64.548
13523.438	-64.559
13546.875	-64.570
13570.312	-64.581
13593.750	-64.592
13617.188	-64.602
13640.625	-64.613
13664.062	-64.624
13687.500	-64.635
13710.938	-64.645
13734.375	-64.656
13757.812	-64.667
13781.250	-64.677
13804.688	-64.688
13828.125	-64.698
13851.562	-64.709
13875.000	-64.719
13898.438	-64.729
13921.875	-64.740
13945.312	-64.750
13968.750	-64.760
13992.188	-64.771
14015.625	-64.781
14039.062	-64.791
14062.500	-64.801
14085.938	-64.811
14109.375	-64.822
14132.812	-64.832
14156.250	-64.842
14179.688	-64.852
14203.125	-64.862
14226.562	-64.872
14250.000	-64.881
14273.438	-64.891
14296.875	-64.901
14320.312	-64.911
14343.750	-64.921
14367.188	-64.931
14390.625	-64.940
14414.062	-64.950
14437.500	-64.960
14460.938	-64.969
14484.375	-64.979
14507.812	-64.988
14531.250	-64.998
14554.688	-65.007
14578.125	-65.017
14601.562	-65.026
14625.000	-65.036
14648.438	-65.045
14671.875	-65.055
14695.312	-65.064
14718.750	-65.073
14742.188	-65.082
14765.625	-65.092
14789.062	-65.101
14812.500	-65.110
14835.938	-65.119
14859.375	-65.128
14882.812	-65.137
14906.250	-65.146
14929.688	-65.155
14953.125	-65.164
14976.562	-65.173
15000.000	-65.182
15023.438	-65.191
15046.875	-65.200
15070.312	-65.209
15093.750	-65.218
15117.188	-65.227
15140.625	-65.235
15164.062	-65.244
15187.500	-65.253
15210.938	-65.261
15234.375	-65.270
15257.812	-65.279
15281.250	-65.287
15304.688	-65.296
15328.125	-65.304
15351.562	-65.313
15375.000	-65.321
15398.438	-65.330
15421.875	-65.338
15445.312	-65.346
15468.750	-65.355
15492.188	-65.363
15515.625	-65.371
15539.062	-65.380
15562.500	-65.388
15585.938	-65.396
15609.375	-65.404
15632.812	-65.412
15656.250	-65.421
15679.688	-65.429
15703.125	-65.437
15726.562	-65.445
15750.000	-65.453
15773.438	-65.461
15796.875	-65.469
15820.312	-65.477
15843.750	-65.485
15867.188	-65.492
15890.625	-65.500
15914.062	-65.508
15937.500	-65.516
15960.938	-65.524
15984.375	-65.531
16007.812	-65.539
16031.250	-65.547
16054.688	-65.554
16078.125	-65.562
16101.562	-65.570
16125.000	-65.577
16148.438	-65.585
16171.875	-65.592
16195.312	-65.600
16218.750	-65.607
16242.188	-65.615
16265.625	-65.622
16289.062	-65.629
16312.500	-65.637
16335.938	-65.644
16359.375	-65.651
16382.812	-65.659
16406.250	-65.666
16429.688	-65.673
16453.125	-65.680
16476.562	-65.688
16500.000	-65.695
16523.438	-65.702
16546.875	-65.709
16570.312	-65.716
16593.750	-65.723
16617.188	-65.730
16640.625	-65.737
16664.062	-65.744
16687.500	-65.751
16710.938	-65.758
16734.375	-65.765
16757.812	-65.772
16781.250	-65.778
16804.688	-65.785
16828.125	-65.792
16851.562	-65.799
16875.000	-65.805
16898.438	-65.812
16921.875	-65.819
16945.312	-65.826
16968.750	-65.832
16992.188	-65.839
17015.625	-65.845
17039.062	-65.852
17062.500	-65.858
17085.938	-65.865
17109.375	-65.871
17132.812	-65.878
17156.250	-65.884
17179.688	-65.890
17203.125	-65.897
17226.562	-65.903
17250.000	-65.910
17273.438	-65.916
17296.875	-65.922
17320.312	-65.928
17343.750	-65.935
17367.188	-65.941
17390.625	-65.947
17414.062	-65.953
17437.500	-65.959
17460.938	-65.965
17484.375	-65.971
17507.812	-65.977
17531.250	-65.984
17554.688	-65.989
17578.125	-65.995
17601.562	-66.001
17625.000	-66.007
17648.438	-66.013
17671.875	-66.019
17695.312	-66.025
17718.750	-66.031
17742.188	-66.037
17765.625	-66.042
17789.062	-66.048
17812.500	-66.054
17835.938	-66.060
17859.375	-66.065
17882.812	-66.071
17906.250	-66.077
17929.688	-66.082
17953.125	-66.088
17976.562	-66.093
18000.000	-66.099
18023.438	-66.104
18046.875	-66.110
18070.312	-66.115
18093.750	-66.121
18117.188	-66.126
18140.625	-66.132
18164.062	-66.137
18187.500	-66.142
18210.938	-66.148
18234.375	-66.153
18257.812	-66.158
18281.250	-66.163
18304.688	-66.169
18328.125	-66.174
18351.562	-66.179
18375.000	-66.184
18398.438	-66.189
18421.875	-66.194
18445.312	-66.200
18468.750	-66.205
18492.188	-66.210
18515.625	-66.215
18539.062	-66.220
18562.500	-66.225
18585.938	-66.230
18609.375	-66.234
18632.812	-66.239
18656.250	-66.244
18679.688	-66.249
18703.125	-66.254
18726.562	-66.259
18750.000	-66.264
18773.438	-66.268
18796.875	-66.273
18820.312	-66.278
18843.750	-66.282
18867.188	-66.287
18890.625	-66.292
18914.062	-66.296
18937.500	-66.301
18960.938	-66.306
18984.375	-66.310
19007.812	-66.315
19031.250	-66.319
19054.688	-66.324
19078.125	-66.328
19101.562	-66.333
19125.000	-66.337
19148.438	-66.341
19171.875	-66.346
19195.312	-66.350
19218.750	-66.354
19242.188	-66.359
19265.625	-66.363
19289.062	-66.367
19312.500	-66.372
19335.938	-66.376
19359.375	-66.380
19382.812	-66.384
19406.250	-66.388
19429.688	-66.392
19453.125	-66.396
19476.562	-66.401
19500.000	-66.405
19523.438	-66.409
19546.875	-66.413
19570.312	-66.417
19593.750	-66.421
19617.188	-66.425
19640.625	-66.428
19664.062	-66.432
19687.500	-66.436
19710.938	-66.440
19734.375	-66.444
19757.812	-66.448
19781.250	-66.452
19804.688	-66.455
19828.125	-66.459
19851.562	-66.463
19875.000	-66.466
19898.438	-66.470
19921.875	-66.474
19945.312	-66.477
19968.750	-66.481
19992.188	-66.485
20015.625	-66.488
20039.062	-66.492
20062.500	-66.495
20085.938	-66.499
20109.375	-66.502
20132.812	-66.506
20156.250	-66.509
20179.688	-66.513
20203.125	-66.516
20226.562	-66.519
20250.000	-66.523
20273.438	-66.526
20296.875	-66.529
20320.312	-66.533
20343.750	-66.536
20367.188	-66.539
20390.625	-66.542
20414.062	-66.546
20437.500	-66.549
20460.938	-66.552
20484.375	-66.555
20507.812	-66.558
20531.250	-66.561
20554.688	-66.564
20578.125	-66.567
20601.562	-66.570
20625.000	-66.573
20648.438	-66.576
20671.875	-66.579
20695.312	-66.582
20718.750	-66.585
20742.188	-66.588
20765.625	-66.591
20789.062	-66.594
20812.500	-66.597
20835.938	-66.600
20859.375	-66.602
20882.812	-66.605
20906.250	-66.608
20929.688	-66.611
20953.125	-66.613
20976.562	-66.616
21000.000	-66.619
21023.438	-66.621
21046.875	-66.624
21070.312	-66.626
21093.750	-66.629
21117.188	-66.632
21140.625	-66.634
21164.062	-66.637
21187.500	-66.639
21210.938	-66.642
21234.375	-66.644
21257.812	-66.647
21281.250	-66.649
21304.688	-66.651
21328.125	-66.654
21351.562	-66.656
21375.000	-66.658
21398.438	-66.661
21421.875	-66.663
21445.312	-66.665
21468.750	-66.667
21492.188	-66.670
21515.625	-66.672
21539.062	-66.674
21562.500	-66.676
21585.938	-66.678
21609.375	-66.680
21632.812	-66.683
21656.250	-66.685
21679.688	-66.687
21703.125	-66.689
21726.562	-66.691
21750.000	-66.693
21773.438	-66.695
21796.875	-66.697
21820.312	-66.699
21843.750	-66.700
21867.188	-66.702
21890.625	-66.704
21914.062	-66.706
21937.500	-66.708
21960.938	-66.710
21984.375	-66.711
22007.812	-66.713
22031.250	-66.715
22054.688	-66.717
22078.125	-66.718
22101.562	-66.720
22125.000	-66.722
22148.438	-66.723
22171.875	-66.725
22195.312	-66.726
22218.750	-66.728
22242.188	-66.730
22265.625	-66.731
22289.062	-66.733
22312.500	-66.734
22335.938	-66.736
22359.375	-66.737
22382.812	-66.739
22406.250	-66.740
22429.688	-66.741
22453.125	-66.743
22476.562	-66.744
22500.000	-66.745
22523.438	-66.747
22546.875	-66.748
22570.312	-66.749
22593.750	-66.750
22617.188	-66.752
22640.625	-66.753
22664.062	-66.754
22687.500	-66.755
22710.938	-66.756
22734.375	-66.757
22757.812	-66.759
22781.250	-66.760
22804.688	-66.761
22828.125	-66.762
22851.562	-66.763
22875.000	-66.764
22898.438	-66.765
22921.875	-66.766
22945.312	-66.767
22968.750	-66.767
22992.188	-66.768
23015.625	-66.769
23039.062	-66.770
23062.500	-66.771
23085.938	-66.772
23109.375	-66.773
23132.812	-66.773
23156.250	-66.774
23179.688	-66.775
23203.125	-66.775
23226.562	-66.776
23250.000	-66.777
23273.438	-66.777
23296.875	-66.778
23320.312	-66.779
23343.750	-66.779
23367.188	-66.780
23390.625	-66.780
23414.062	-66.781
23437.500	-66.781
23460.938	-66.782
23484.375	-66.782
23507.812	-66.783
23531.250	-66.783
23554.688	-66.784
23578.125	-66.784
23601.562	-66.784
23625.000	-66.785
23648.438	-66.785
23671.875	-66.785
23695.312	-66.785
23718.750	-66.786
23742.188	-66.786
23765.625	-66.786
23789.062	-66.786
23812.500	-66.787
23835.938	-66.787
23859.375	-66.787
23882.812	-66.787
23906.250	-66.787
23929.688	-66.787
23953.125	-66.787
23976.562	-66.787
24000.000	-66.787
24023.438	-66.787
24046.875	-66.787
24070.312	-66.787
24093.750	-66.787
24117.188	-66.787
24140.625	-66.787
24164.062	-66.787
24187.500	-66.787
24210.938	-66.786
24234.375	-66.786
24257.812	-66.786
24281.250	-66.786
24304.688	-66.786
24328.125	-66.785
24351.562	-66.785
24375.000	-66.785
24398.438	-66.784
24421.875	-66.784
24445.312	-66.784
24468.750	-66.783
24492.188	-66.783
24515.625	-66.782
24539.062	-66.782
24562.500	-66.781
24585.938	-66.781
24609.375	-66.780
24632.812	-66.780
24656.250	-66.779
24679.688	-66.779
24703.125	-66.778
24726.562	-66.777
24750.000	-66.777
24773.438	-66.776
24796.875	-66.775
24820.312	-66.775
24843.750	-66.774
24867.188	-66.773
24890.625	-66.773
24914.062	-66.772
24937.500	-66.771
24960.938	-66.770
24984.375	-66.769
25007.812	-66.768
25031.250	-66.767
25054.688	-66.767
25078.125	-66.766
25101.562	-66.765
25125.000	-66.764
25148.438	-66.763
25171.875	-66.762
25195.312	-66.760
25218.750	-66.760
25242.188	-66.759
25265.625	-66.757
25289.062	-66.756
25312.500	-66.755
25335.938	-66.754
25359.375	-66.753
25382.812	-66.752
25406.250	-66.750
25429.688	-66.749
25453.125	-66.748
25476.562	-66.747
25500.000	-66.745
25523.438	-66.744
25546.875	-66.743
25570.312	-66.741
25593.750	-66.740
25617.188	-66.738
25640.625	-66.737
25664.062	-66.736
25687.500	-66.734
25710.938	-66.733
25734.375	-66.731
25757.812	-66.730
25781.250	-66.728
25804.688	-66.726
25828.125	-66.725
25851.562	-66.723
25875.000	-66.722
25898.438	-66.720
25921.875	-66.718
25945.312	-66.717
25968.750	-66.715
25992.188	-66.713
26015.625	-66.711
26039.062	-66.710
26062.500	-66.708
26085.938	-66.706
26109.375	-66.704
26132.812	-66.702
26156.250	-66.700
26179.688	-66.698
26203.125	-66.697
26226.562	-66.695
26250.000	-66.693
26273.438	-66.691
26296.875	-66.689
26320.312	-66.687
26343.750	-66.685
26367.188	-66.682
26390.625	-66.680
26414.062	-66.678
26437.500	-66.676
26460.938	-66.674
26484.375	-66.672
26507.812	-66.670
26531.250	-66.667
26554.688	-66.665
26578.125	-66.663
26601.562	-66.661
26625.000	-66.658
26648.438	-66.656
26671.875	-66.654
26695.312	-66.651
26718.750	-66.649
26742.188	-66.646
26765.625	-66.644
26789.062	-66.642
26812.500	-66.639
26835.938	-66.637
26859.375	-66.634
26882.812	-66.632
26906.250	-66.629
26929.688	-66.626
26953.125	-66.624
26976.562	-66.621
27000.000	-66.619
27023.438	-66.616
27046.875	-66.613
27070.312	-66.611
27093.750	-66.608
27117.188	-66.605
27140.625	-66.602
27164.062	-66.600
27187.500	-66.597
27210.938	-66.594
27234.375	-66.591
27257.812	-66.588
27281.250	-66.585
27304.688	-66.582
27328.125	-66.579
27351.562	-66.576
27375.000	-66.573
27398.438	-66.570
27421.875	-66.567
27445.312	-66.564
27468.750	-66.561
27492.188	-66.558
27515.625	-66.555
27539.062	-66.552
27562.500	-66.549
27585.938	-66.546
27609.375	-66.542
27632.812	-66.539
27656.250	-66.536
27679.688	-66.533
27703.125	-66.529
27726.562	-66.526
27750.000	-66.523
27773.438	-66.519
27796.875	-66.516
27820.312	-66.513
27843.750	-66.509
27867.188	-66.506
27890.625	-66.502
27914.062	-66.499
27937.500	-66.495
27960.938	-66.492
27984.375	-66.488
28007.812	-66.485
28031.250	-66.481
28054.688	-66.477
28078.125	-66.474
28101.562	-66.470
28125.000	-66.466
28148.438	-66.463
28171.875	-66.459
28195.312	-66.455
28218.750	-66.452
28242.188	-66.448
28265.625	-66.444
28289.062	-66.440
28312.500	-66.436
28335.938	-66.432
28359.375	-66.428
28382.812	-66.425
28406.250	-66.421
28429.688	-66.417
28453.125	-66.413
28476.562	-66.409
28500.000	-66.405
28523.438	-66.400
28546.875	-66.396
28570.312	-66.392
28593.750	-66.388
28617.188	-66.384
28640.625	-66.380
28664.062	-66.376
28687.500	-66.372
28710.938	-66.367
28734.375	-66.363
28757.812	-66.359
28781.250	-66.354
28804.688	-66.350
28828.125	-66.346
28851.562	-66.341
28875.000	-66.337
28898.438	-66.333
28921.875	-66.328
28945.312	-66.324
28968.750	-66.319
28992.188	-66.315
29015.625	-66.310
29039.062	-66.306
29062.500	-66.301
29085.938	-66.296
29109.375	-66.292
29132.812	-66.287
29156.250	-66.282
29179.688	-66.278
29203.125	-66.273
29226.562	-66.268
29250.000	-66.264
29273.438	-66.259
29296.875	-66.254
29320.312	-66.249
29343.750	-66.244
29367.188	-66.239
29390.625	-66.235
29414.062	-66.230
29437.500	-66.225
29460.938	-66.220
29484.375	-66.215
29507.812	-66.210
29531.250	-66.205
29554.688	-66.200
29578.125	-66.194
29601.562	-66.189
29625.000	-66.184
29648.438	-66.179
29671.875	-66.174
29695.312	-66.169
29718.750	-66.163
29742.188	-66.158
29765.625	-66.153
29789.062	-66.148
29812.500	-66.142
29835.938	-66.137
29859.375	-66.132
29882.812	-66.126
29906.250	-66.121
29929.688	-66.115
29953.125	-66.110
29976.562	-66.104
30000.000	-66.099
30023.438	-66.093
30046.875	-66.088
30070.312	-66.082
30093.750	-66.077
30117.188	-66.071
30140.625	-66.065
30164.062	-66.060
30187.500	-66.054
30210.938	-66.048
30234.375	-66.042
30257.812	-66.036
30281.250	-66.031
30304.688	-66.025
30328.125	-66.019
30351.562	-66.013
30375.000	-66.007
30398.438	-66.001
30421.875	-65.995
30445.312	-65.990
30468.750	-65.984
30492.188	-65.978
30515.625	-65.971
30539.062	-65.965
30562.500	-65.959
30585.938	-65.953
30609.375	-65.947
30632.812	-65.941
30656.250	-65.935
30679.688	-65.928
30703.125	-65.922
30726.562	-65.916
30750.000	-65.910
30773.438	-65.903
30796.875	-65.897
30820.312	-65.890
30843.750	-65.884
30867.188	-65.878
30890.625	-65.871
30914.062	-65.865
30937.500	-65.858
30960.938	-65.852
30984.375	-65.845
31007.812	-65.839
31031.250	-65.832
31054.688	-65.825
31078.125	-65.819
31101.562	-65.812
31125.000	-65.805
31148.438	-65.799
31171.875	-65.792
31195.312	-65.785
31218.750	-65.778
31242.188	-65.772
31265.625	-65.765
31289.062	-65.758
31312.500	-65.751
31335.938	-65.744
31359.375	-65.737
31382.812	-65.730
31406.250	-65.723
31429.688	-65.716
31453.125	-65.709
31476.562	-65.702
31500.000	-65.695
31523.438	-65.688
31546.875	-65.680
31570.312	-65.673
31593.750	-65.666
31617.188	-65.659
31640.625	-65.651
31664.062	-65.644
31687.500	-65.637
31710.938	-65.629
31734.375	-65.622
31757.812	-65.615
31781.250	-65.607
31804.688	-65.600
31828.125	-65.592
31851.562	-65.585
31875.000	-65.577
31898.438	-65.570
31921.875	-65.562
31945.312	-65.554
31968.750	-65.547
31992.188	-65.539
32015.625	-65.531
32039.062	-65.524
32062.500	-65.516
32085.938	-65.508
32109.375	-65.500
32132.812	-65.492
32156.250	-65.485
32179.688	-65.477
32203.125	-65.469
32226.562	-65.461
32250.000	-65.453
32273.438	-65.445
32296.875	-65.437
32320.312	-65.429
32343.750	-65.421
32367.188	-65.412
32390.625	-65.404
32414.062	-65.396
32437.500	-65.388
32460.938	-65.380
32484.375	-65.371
32507.812	-65.363
32531.250	-65.355
32554.688	-65.346
32578.125	-65.338
32601.562	-65.330
32625.000	-65.321
32648.438	-65.313
32671.875	-65.304
32695.312	-65.296
32718.750	-65.287
32742.188	-65.279
32765.625	-65.270
32789.062	-65.261
32812.500	-65.253
32835.938	-65.244
32859.375	-65.235
32882.812	-65.227
32906.250	-65.218
32929.688	-65.209
32953.125	-65.200
32976.562	-65.191
33000.000	-65.182
33023.438	-65.173
33046.875	-65.164
33070.312	-65.155
33093.750	-65.146
33117.188	-65.137
33140.625	-65.128
33164.062	-65.119
33187.500	-65.110
33210.938	-65.101
33234.375	-65.092
33257.812	-65.082
33281.250	-65.073
33304.688	-65.064
33328.125	-65.055
33351.562	-65.045
33375.000	-65.036
33398.438	-65.026
33421.875	-65.017
33445.312	-65.008
33468.750	-64.998
33492.188	-64.988
33515.625	-64.979
33539.062	-64.969
33562.500	-64.960
33585.938	-64.950
33609.375	-64.940
33632.812	-64.931
33656.250	-64.921
33679.688	-64.911
33703.125	-64.901
33726.562	-64.891
33750.000	-64.881
33773.438	-64.872
33796.875	-64.862
33820.312	-64.852
33843.750	-64.842
33867.188	-64.832
33890.625	-64.822
33914.062	-64.811
33937.500	-64.801
33960.938	-64.791
33984.375	-64.781
34007.812	-64.771
34031.250	-64.760
34054.688	-64.750
34078.125	-64.740
34101.562	-64.729
34125.000	-64.719
34148.438	-64.709
34171.875	-64.698
34195.312	-64.687
34218.750	-64.677
34242.188	-64.667
34265.625	-64.656
34289.062	-64.645
34312.500	-64.635
34335.938	-64.624
34359.375	-64.613
34382.812	-64.602
34406.250	-64.592
34429.688	-64.581
34453.125	-64.570
34476.562	-64.559
34500.000	-64.548
34523.438	-64.537
34546.875	-64.526
34570.312	-64.515
34593.750	-64.504
34617.188	-64.493
34640.625	-64.482
34664.062	-64.471
34687.500	-64.459
34710.938	-64.448
34734.375	-64.437
34757.812	-64.426
34781.250	-64.414
34804.688	-64.403
34828.125	-64.391
34851.562	-64.380
34875.000	-64.368
34898.438	-64.357
34921.875	-64.345
34945.312	-64.334
34968.750	-64.322
34992.188	-64.310
35015.625	-64.299
35039.062	-64.287
35062.500	-64.275
35085.938	-64.263
35109.375	-64.251
35132.812	-64.240
35156.250	-64.228
35179.688	-64.216
35203.125	-64.204
35226.562	-64.192
35250.000	-64.180
35273.438	-64.167
35296.875	-64.155
35320.312	-64.143
35343.750	-64.131
35367.188	-64.119
35390.625	-64.106
35414.062	-64.094
35437.500	-64.082
35460.938	-64.069
35484.375	-64.057
35507.812	-64.044
35531.250	-64.032
35554.688	-64.019
35578.125	-64.006
35601.562	-63.994
35625.000	-63.981
35648.438	-63.968
35671.875	-63.956
35695.312	-63.943
35718.750	-63.930
35742.188	-63.917
35765.625	-63.904
35789.062	-63.891
35812.500	-63.878
35835.938	-63.865
35859.375	-63.852
35882.812	-63.839
35906.250	-63.826
35929.688	-63.813
35953.125	-63.799
35976.562	-63.786
36000.000	-63.773
36023.438	-63.759
36046.875	-63.746
36070.312	-63.732
36093.750	-63.719
36117.188	-63.705
36140.625	-63.692
36164.062	-63.678
36187.500	-63.665
36210.938	-63.651
36234.375	-63.637
36257.812	-63.623
36281.250	-63.609
36304.688	-63.595
36328.125	-63.582
36351.562	-63.568
36375.000	-63.554
36398.438	-63.540
36421.875	-63.526
36445.312	-63.511
36468.750	-63.497
36492.188	-63.483
36515.625	-63.469
36539.062	-63.454
36562.500	-63.440
36585.938	-63.426
36609.375	-63.411
36632.812	-63.397
36656.250	-63.382
36679.688	-63.368
36703.125	-63.353
36726.562	-63.338
36750.000	-63.324
36773.438	-63.309
36796.875	-63.294
36820.312	-63.279
36843.750	-63.264
36867.188	-63.250
36890.625	-63.235
36914.062	-63.219
36937.500	-63.204
36960.938	-63.189
36984.375	-63.174
37007.812	-63.159
37031.250	-63.144
37054.688	-63.128
37078.125	-63.113
37101.562	-63.098
37125.000	-63.082
37148.438	-63.067
37171.875	-63.051
37195.312	-63.035
37218.750	-63.020
37242.188	-63.004
37265.625	-62.988
37289.062	-62.972
37312.500	-62.957
37335.938	-62.941
37359.375	-62.925
37382.812	-62.909
37406.250	-62.893
37429.688	-62.877
37453.125	-62.861
37476.562	-62.844
37500.000	-62.828
37523.438	-62.812
37546.875	-62.795
37570.312	-62.779
37593.750	-62.763
37617.188	-62.746
37640.625	-62.729
37664.062	-62.713
37687.500	-62.696
37710.938	-62.679
37734.375	-62.663
37757.812	-62.646
37781.250	-62.629
37804.688	-62.612
37828.125	-62.595
37851.562	-62.578
37875.000	-62.561
37898.438	-62.544
37921.875	-62.527
37945.312	-62.509
37968.750	-62.492
37992.188	-62.475
38015.625	-62.457
38039.062	-62.440
38062.500	-62.422
38085.938	-62.405
38109.375	-62.387
38132.812	-62.369
38156.250	-62.352
38179.688	-62.334
38203.125	-62.316
38226.562	-62.298
38250.000	-62.280
38273.438	-62.262
38296.875	-62.244
38320.312	-62.226
38343.750	-62.207
38367.188	-62.189
38390.625	-62.171
38414.062	-62.152
38437.500	-62.134
38460.938	-62.115
38484.375	-62.097
38507.812	-62.078
38531.250	-62.060
38554.688	-62.041
38578.125	-62.022
38601.562	-62.003
38625.000	-61.984
38648.438	-61.965
38671.875	-61.946
38695.312	-61.927
38718.750	-61.908
38742.188	-61.888
38765.625	-61.869
38789.062	-61.850
38812.500	-61.830
38835.938	-61.811
38859.375	-61.791
38882.812	-61.772
38906.250	-61.752
38929.688	-61.732
38953.125	-61.712
38976.562	-61.692
39000.000	-61.672
39023.438	-61.652
39046.875	-61.632
39070.312	-61.612
39093.750	-61.592
39117.188	-61.572
39140.625	-61.551
39164.062	-61.531
39187.500	-61.510
39210.938	-61.490
39234.375	-61.469
39257.812	-61.448
39281.250	-61.427
39304.688	-61.406
39328.125	-61.386
39351.562	-61.365
39375.000	-61.344
39398.438	-61.322
39421.875	-61.301
39445.312	-61.280
39468.750	-61.259
39492.188	-61.237
39515.625	-61.216
39539.062	-61.194
39562.500	-61.172
39585.938	-61.151
39609.375	-61.129
39632.812	-61.107
39656.250	-61.085
39679.688	-61.063
39703.125	-61.041
39726.562	-61.019
39750.000	-60.996
39773.438	-60.974
39796.875	-60.952
39820.312	-60.929
39843.750	-60.906
39867.188	-60.884
39890.625	-60.861
39914.062	-60.838
39937.500	-60.815
39960.938	-60.792
39984.375	-60.769
40007.812	-60.746
40031.250	-60.723
40054.688	-60.699
40078.125	-60.676
40101.562	-60.653
40125.000	-60.629
40148.438	-60.605
40171.875	-60.582
40195.312	-60.558
40218.750	-60.534
40242.188	-60.510
40265.625	-60.486
40289.062	-60.462
40312.500	-60.437
40335.938	-60.413
40359.375	-60.389
40382.812	-60.364
40406.250	-60.339
40429.688	-60.315
40453.125	-60.290
40476.562	-60.265
40500.000	-60.240
40523.438	-60.215
40546.875	-60.190
40570.312	-60.164
40593.750	-60.139
40617.188	-60.114
40640.625	-60.088
40664.062	-60.062
40687.500	-60.037
40710.938	-60.011
40734.375	-59.985
40757.812	-59.959
40781.250	-59.933
40804.688	-59.906
40828.125	-59.880
40851.562	-59.854
40875.000	-59.827
40898.438	-59.800
40921.875	-59.774
40945.312	-59.747
40968.750	-59.720
40992.188	-59.693
41015.625	-59.666
41039.062	-59.638
41062.500	-59.611
41085.938	-59.583
41109.375	-59.556
41132.812	-59.528
41156.250	-59.500
41179.688	-59.472
41203.125	-59.444
41226.562	-59.416
41250.000	-59.388
41273.438	-59.359
41296.875	-59.331
41320.312	-59.302
41343.750	-59.274
41367.188	-59.245
41390.625	-59.216
41414.062	-59.187
41437.500	-59.158
41460.938	-59.128
41484.375	-59.099
41507.812	-59.069
41531.250	-59.040
41554.688	-59.010
41578.125	-58.980
41601.562	-58.950
41625.000	-58.920
41648.438	-58.889
41671.875	-58.859
41695.312	-58.828
41718.750	-58.798
41742.188	-58.767
41765.625	-58.736
41789.062	-58.705
41812.500	-58.674
41835.938	-58.642
41859.375	-58.611
41882.812	-58.579
41906.250	-58.547
41929.688	-58.515
41953.125	-58.483
41976.562	-58.451
42000.000	-58.419
42023.438	-58.386
42046.875	-58.354
42070.312	-58.321
42093.750	-58.288
42117.188	-58.255
42140.625	-58.222
42164.062	-58.189
42187.500	-58.155
42210.938	-58.122
42234.375	-58.088
42257.812	-58.054
42281.250	-58.020
42304.688	-57.985
42328.125	-57.951
42351.562	-57.917
42375.000	-57.882
42398.438	-57.847
42421.875	-57.812
42445.312	-57.777
42468.750	-57.741
42492.188	-57.706
42515.625	-57.670
42539.062	-57.634
42562.500	-57.598
42585.938	-57.562
42609.375	-57.525
42632.812	-57.489
42656.250	-57.452
42679.688	-57.415
42703.125	-57.378
42726.562	-57.341
42750.000	-57.303
42773.438	-57.266
42796.875	-57.228
42820.312	-57.190
42843.750	-57.152
42867.188	-57.113
42890.625	-57.075
42914.062	-57.036
42937.500	-56.997
42960.938	-56.958
42984.375	-56.918
43007.812	-56.879
43031.250	-56.839
43054.688	-56.799
43078.125	-56.759
43101.562	-56.718
43125.000	-56.678
43148.438	-56.637
43171.875	-56.596
43195.312	-56.554
43218.750	-56.513
43242.188	-56.471
43265.625	-56.429
43289.062	-56.387
43312.500	-56.345
43335.938	-56.302
43359.375	-56.259
43382.812	-56.216
43406.250	-56.173
43429.688	-56.129
43453.125	-56.085
43476.562	-56.041
43500.000	-55.997
43523.438	-55.952
43546.875	-55.907
43570.312	-55.862
43593.750	-55.817
43617.188	-55.771
43640.625	-55.726
43664.062	-55.679
43687.500	-55.633
43710.938	-55.586
43734.375	-55.539
43757.812	-55.492
43781.250	-55.445
43804.688	-55.397
43828.125	-55.349
43851.562	-55.300
43875.000	-55.252
43898.438	-55.203
43921.875	-55.154
43945.312	-55.104
43968.750	-55.054
43992.188	-55.004
44015.625	-54.953
44039.062	-54.903
44062.500	-54.851
44085.938	-54.800
44109.375	-54.748
44132.812	-54.696
44156.250	-54.643
44179.688	-54.591
44203.125	-54.537
44226.562	-54.484
44250.000	-54.430
44273.438	-54.376
44296.875	-54.321
44320.312	-54.266
44343.750	-54.211
44367.188	-54.155
44390.625	-54.099
44414.062	-54.042
44437.500	-53.985
44460.938	-53.928
44484.375	-53.870
44507.812	-53.812
44531.250	-53.753
44554.688	-53.694
44578.125	-53.635
44601.562	-53.575
44625.000	-53.515
44648.438	-53.454
44671.875	-53.392
44695.312	-53.331
44718.750	-53.269
44742.188	-53.206
44765.625	-53.143
44789.062	-53.079
44812.500	-53.015
44835.938	-52.950
44859.375	-52.885
44882.812	-52.819
44906.250	-52.753
44929.688	-52.686
44953.125	-52.619
44976.562	-52.551
45000.000	-52.483
45023.438	-52.414
45046.875	-52.344
45070.312	-52.274
45093.750	-52.203
45117.188	-52.132
45140.625	-52.060
45164.062	-51.987
45187.500	-51.913
45210.938	-51.839
45234.375	-51.765
45257.812	-51.689
45281.250	-51.613
45304.688	-51.536
45328.125	-51.459
45351.562	-51.381
45375.000	-51.302
45398.438	-51.222
45421.875	-51.141
45445.312	-51.060
45468.750	-50.978
45492.188	-50.895
45515.625	-50.811
45539.062	-50.726
45562.500	-50.640
45585.938	-50.554
45609.375	-50.466
45632.812	-50.378
45656.250	-50.288
45679.688	-50.198
45703.125	-50.107
45726.562	-50.014
45750.000	-49.921
45773.438	-49.826
45796.875	-49.730
45820.312	-49.634
45843.750	-49.536
45867.188	-49.437
45890.625	-49.336
45914.062	-49.235
45937.500	-49.132
45960.938	-49.028
45984.375	-48.922
46007.812	-48.815
46031.250	-48.707
46054.688	-48.597
46078.125	-48.485
46101.562	-48.373
46125.000	-48.258
46148.438	-48.142
46171.875	-48.024
46195.312	-47.904
46218.750	-47.783
46242.188	-47.660
46265.625	-47.535
46289.062	-47.408
46312.500	-47.279
46335.938	-47.147
46359.375	-47.014
46382.812	-46.878
46406.250	-46.740
46429.688	-46.600
46453.125	-46.457
46476.562	-46.311
46500.000	-46.163
46523.438	-46.012
46546.875	-45.858
46570.312	-45.701
46593.750	-45.541
46617.188	-45.377
46640.625	-45.210
46664.062	-45.040
46687.500	-44.865
46710.938	-44.687
46734.375	-44.505
46757.812	-44.318
46781.250	-44.126
46804.688	-43.930
46828.125	-43.729
46851.562	-43.522
46875.000	-43.309
46898.438	-43.091
46921.875	-42.866
46945.312	-42.634
46968.750	-42.395
46992.188	-42.149
47015.625	-41.894
47039.062	-41.630
47062.500	-41.356
47085.938	-41.072
47109.375	-40.778
47132.812	-40.471
47156.250	-40.150
47179.688	-39.816
47203.125	-39.465
47226.562	-39.098
47250.000	-38.711
47273.438	-38.302
47296.875	-37.869
47320.312	-37.410
47343.750	-36.919
47367.188	-36.394
47390.625	-35.828
47414.062	-35.215
47437.500	-34.546
47460.938	-33.810
47484.375	-32.994
47507.812	-32.077
47531.250	-31.033
47554.688	-29.822
47578.125	-28.386
47601.562	-26.624
47625.000	-24.357
47648.438	-21.198
47671.875	-16.029
47695.312	-0.561
47718.750	-12.693
47742.188	-19.820
47765.625	-23.732
47789.062	-26.443
47812.500	-28.508
47835.938	-30.157
47859.375	-31.503
47882.812	-32.604
47906.250	-33.492
47929.688	-34.179
47953.125	-34.671
47976.562	-34.968
