0	7.597
1	0.389
2	0.137
3	0.210
4	0.060
5	0.072
6	0.062
7	0.106
8	0.040
9	0.088
10	0.016
11	0.052
12	0.034
13	0.054
14	0.024
15	0.041
16	0.009
17	0.017
18	0.012
19	0.046
20	0.022
21	0.019
22	0.014
23	0.042
24	0.015
25	0.021
26	0.004
27	0.005
28	0.004
29	0.006
30	0.004
31	0.004
32	0.006
33	0.015
34	0.009
35	0.004
36	0.003
37	0.007
38	0.002
39	0.011
40	0.001
41	0.005
42	0.014
43	0.009
44	0.017
45	0.017
46	0.007
47	0.012
48	0.008
49	0.011
50	0.001
51	0.008
52	0.011
53	0.014
54	0.006
55	0.016
56	0.015
57	0.013
58	0.008
59	0.013
60	0.009
61	0.021
62	0.010
63	0.016
64	0.004
65	0.015
66	0.016
67	0.009
68	0.006
69	0.017
70	0.012
71	0.025
72	0.013
73	0.023
74	0.011
75	0.013
76	0.015
77	0.015
78	0.010
79	0.015
80	0.006
81	0.016
82	0.011
83	0.019
84	0.006
85	0.006
86	0.008
87	0.018
88	0.009
89	0.008
90	0.004
91	0.008
92	0.005
93	0.007
94	0.003
95	0.001
96	0.004
97	0.008
98	0.004
99	0.002
100	0.005
101	0.001
102	0.002
103	0.004
104	0.001
105	0.002
106	0.008
107	0.001
108	0.003
109	0.002
110	0.001
111	0.006
112	0.006
113	0.001
114	0.001
115	0.002
116	0.005
117	0.001
118	0.004
119	0.003
120	0.005
121	0.006
122	0.005
123	0.008
124	0.004
125	0.004
126	0.003
127	0.005
128	0.004
129	0.005
130	0.005
131	0.005
132	0.002
133	0.011
134	0.002
135	0.003
136	0.004
137	0.009
138	0.010
139	0.004
140	0.006
141	0.009
142	0.003
143	0.004
144	0.005
145	0.001
146	0.001
147	0.002
148	0.001
149	0.002
150	0.001
151	0.007
152	0.007
153	0.004
154	0.004
155	0.001
156	0.004
157	0.002
158	0.006
159	0.006
160	0.009
161	0.005
162	0.007
163	0.007
164	0.005
165	0.001
166	0.006
167	0.007
168	0.001
169	0.006
170	0.011
171	0.007
172	0.004
173	0.005
174	0.012
175	0.002
176	0.007
177	0.006
178	0.002
179	0.008
180	0.008
181	0.006
182	0.007
183	0.001
184	0.009
185	0.001
186	0.011
187	0.010
188	0.009
189	0.008
190	0.014
191	0.017
192	0.005
193	0.005
194	0.001
195	0.008
196	0.012
197	0.015
198	0.005
199	0.006
200	0.017
201	0.018
202	0.008
203	0.004
204	0.004
205	0.024
206	0.006
207	0.005
208	0.008
209	0.024
210	0.005
211	0.015
212	0.009
213	0.001
214	0.015
215	0.020
216	0.002
217	0.006
218	0.045
219	0.027
220	0.039
221	0.030
222	0.025
223	0.018
224	0.055
225	0.005
226	0.009
227	0.005
228	0.001
229	0.008
230	0.033
231	0.048
232	0.100
233	0.010
234	0.023
235	0.027
236	0.017
237	0.016
238	0.053
239	0.003
240	0.002
241	0.017
242	0.013
243	0.014
244	0.007
245	0.002
246	0.008
247	0.004
248	0.025
249	0.005
250	0.006
251	0.021
252	0.001
253	0.014
254	0.020
255	0.026
256	0.014
257	0.001
258	0.012
259	0.013
260	0.004
261	0.001
262	0.004
263	0.002
264	0.014
265	0.018
266	0.003
267	0.001
268	0.004
269	0.008
270	0.004
271	0.004
272	0.005
273	0.003
274	0.002
275	0.008
276	0.001
277	0.002
278	0.008
279	0.005
280	0.008
281	0.002
282	0.010
283	0.001
284	0.004
285	0.008
286	0.005
287	0.003
288	0.009
289	0.007
290	0.007
291	0.001
292	0.003
293	0.001
294	0.002
295	0.001
296	0.003
297	0.002
298	0.002
299	0.003
300	0.001
301	0.004
302	0.001
303	0.005
304	0.005
305	0.016
306	0.004
307	0.003
308	0.004
309	0.005
310	0.005
311	0.003
312	0.001
313	0.008
314	0.002
315	0.014
316	0.003
317	0.003
318	0.006
319	0.005
320	0.002
321	0.002
322	0.002
323	0.008
324	0.005
325	0.001
326	0.002
327	0.002
328	0.004
329	0.002
330	0.004
331	0.001
332	0.001
333	0.002
334	0.004
335	0.003
336	0.004
337	0.005
338	0.011
339	0.002
340	0.003
341	0.007
342	0.006
343	0.006
344	0.002
345	0.005
346	0.009
347	0.004
348	0.008
349	0.001
350	0.001
351	0.011
352	0.007
353	0.010
354	0.005
355	0.011
356	0.013
357	0.008
358	0.009
359	0.008
360	0.002
361	0.009
362	0.009
363	0.015
364	0.009
365	0.011
366	0.008
367	0.013
368	0.013
369	0.017
370	0.007
371	0.009
372	0.014
373	0.021
374	0.008
375	0.010
376	0.001
377	0.012
378	0.006
379	0.012
380	0.008
381	0.007
382	0.010
383	0.018
384	0.004
385	0.013
386	0.001
387	0.009
388	0.001
389	0.008
390	0.010
391	0.004
392	0.004
393	0.008
394	0.002
395	0.011
396	0.003
397	0.007
398	0.003
399	0.014
400	0.011
401	0.009
402	0.004
403	0.007
404	0.004
405	0.003
406	0.003
407	0.010
408	0.004
409	0.012
410	0.003
411	0.014
412	0.005
413	0.003
414	0.008
415	0.002
416	0.004
417	0.014
418	0.003
419	0.003
420	0.008
421	0.003
422	0.003
423	0.016
424	0.007
425	0.004
426	0.001
427	0.005
428	0.001
429	0.006
430	0.007
431	0.016
432	0.011
433	0.020
434	0.007
435	0.002
436	0.014
437	0.022
438	0.012
439	0.003
440	0.006
441	0.019
442	0.004
443	0.007
444	0.017
445	0.007
446	0.022
447	0.074
448	0.003
449	0.061
450	0.030
451	0.022
452	0.054
453	0.090
454	0.038
455	0.117
456	0.691
457	0.465
458	0.119
459	0.140
460	0.002
461	0.056
462	0.067
463	0.097
464	0.039
465	0.067
466	0.003
467	0.083
468	0.040
469	0.041
470	0.004
471	0.024
472	0.001
473	0.024
474	0.018
475	0.040
476	0.008
477	0.015
478	0.012
479	0.031
480	0.006
481	0.008
482	0.017
483	0.002
484	0.007
485	0.006
486	0.007
487	0.014
488	0.008
489	0.011
490	0.016
491	0.001
492	0.006
493	0.001
494	0.002
495	0.004
496	0.002
497	0.010
498	0.015
499	0.006
500	0.014
501	0.006
502	0.002
503	0.006
504	0.006
505	0.005
506	0.001
507	0.008
508	0.011
509	0.009
510	0.002
511	0.010
512	0.009
513	0.009
514	0.011
515	0.012
516	0.011
517	0.018
518	0.007
519	0.012
520	0.001
521	0.014
522	0.011
523	0.005
524	0.009
525	0.017
526	0.013
527	0.018
528	0.005
529	0.016
530	0.005
531	0.012
532	0.011
533	0.009
534	0.006
535	0.011
536	0.003
537	0.009
538	0.003
539	0.010
540	0.001
541	0.006
542	0.009
543	0.015
544	0.003
545	0.004
546	0.002
547	0.006
548	0.003
549	0.004
550	0.005
551	0.005
552	0.003
553	0.014
554	0.002
555	0.003
556	0.006
557	0.005
558	0.006
559	0.010
560	0.004
561	0.009
562	0.001
563	0.010
564	0.006
565	0.002
566	0.003
567	0.001
568	0.005
569	0.012
570	0.009
571	0.007
572	0.001
573	0.009
574	0.009
575	0.002
576	0.001
577	0.002
578	0.004
579	0.004
580	0.005
581	0.002
582	0.001
583	0.001
584	0.003
585	0.004
586	0.002
587	0.006
588	0.005
589	0.001
590	0.008
591	0.002
592	0.001
593	0.004
594	0.001
595	0.007
596	0.003
597	0.003
598	0.008
599	0.001
600	0.010
601	0.003
602	0.003
603	0.002
604	0.005
605	0.006
606	0.002
607	0.001
608	0.008
609	0.001
610	0.002
611	0.004
612	0.003
613	0.001
614	0.005
615	0.002
616	0.003
617	0.002
618	0.001
619	0.002
620	0.007
621	0.008
622	0.001
623	0.011
624	0.001
625	0.002
626	0.001
627	0.007
628	0.011
629	0.002
630	0.003
631	0.005
632	0.002
633	0.009
634	0.004
635	0.002
636	0.002
637	0.010
638	0.014
639	0.003
640	0.008
641	0.002
642	0.007
643	0.003
644	0.006
645	0.003
646	0.007
647	0.001
648	0.006
649	0.006
650	0.004
651	0.007
652	0.002
653	0.001
654	0.012
655	0.013
656	0.016
657	0.005
658	0.003
659	0.010
660	0.006
661	0.026
662	0.006
663	0.009
664	0.016
665	0.032
666	0.008
667	0.009
668	0.001
669	0.005
670	0.002
671	0.029
672	0.005
673	0.010
674	0.032
675	0.036
676	0.007
677	0.036
678	0.097
679	0.002
680	0.063
681	0.047
682	0.035
683	0.041
684	0.010
685	0.002
686	0.005
687	0.091
688	0.083
689	0.025
690	0.010
691	0.018
692	0.011
693	0.033
694	0.041
695	0.009
696	0.019
697	0.022
698	0.005
699	0.031
700	0.004
701	0.018
702	0.013
703	0.010
704	0.016
705	0.007
706	0.011
707	0.024
708	0.007
709	0.021
710	0.017
711	0.018
712	0.002
713	0.003
714	0.006
715	0.003
716	0.004
717	0.002
718	0.002
719	0.005
720	0.010
721	0.005
722	0.011
723	0.002
724	0.004
725	0.009
726	0.001
727	0.004
728	0.006
729	0.003
730	0.001
731	0.002
732	0.010
733	0.003
734	0.004
735	0.005
736	0.009
737	0.001
738	0.007
739	0.005
740	0.002
741	0.007
742	0.001
743	0.006
744	0.008
745	0.001
746	0.007
747	0.005
748	0.004
749	0.009
750	0.004
751	0.001
752	0.002
753	0.006
754	0.004
755	0.002
756	0.002
757	0.007
758	0.007
759	0.010
760	0.008
761	0.013
762	0.002
763	0.003
764	0.005
765	0.006
766	0.005
767	0.002
768	0.001
769	0.007
770	0.002
771	0.010
772	0.005
773	0.001
774	0.006
775	0.007
776	0.004
777	0.003
778	0.002
779	0.005
780	0.005
781	0.003
782	0.003
783	0.001
784	0.001
785	0.005
786	0.003
787	0.007
788	0.005
789	0.005
790	0.001
791	0.005
792	0.005
793	0.006
794	0.001
795	0.010
796	0.004
797	0.004
798	0.004
799	0.004
800	0.007
801	0.006
802	0.006
803	0.011
804	0.006
805	0.014
806	0.006
807	0.001
808	0.004
809	0.005
810	0.007
811	0.001
812	0.002
813	0.009
814	0.005
815	0.007
816	0.006
817	0.002
818	0.004
819	0.005
820	0.009
821	0.005
822	0.007
823	0.003
824	0.003
825	0.001
826	0.008
827	0.004
828	0.001
829	0.002
830	0.014
831	0.011
832	0.013
833	0.001
834	0.008
835	0.004
836	0.010
837	0.008
838	0.001
839	0.001
840	0.013
841	0.003
842	0.011
843	0.003
844	0.008
845	0.001
846	0.005
847	0.010
848	0.010
849	0.002
850	0.005
851	0.004
852	0.007
853	0.007
854	0.002
855	0.012
856	0.001
857	0.003
858	0.010
859	0.009
860	0.003
861	0.001
862	0.005
863	0.007
864	0.002
865	0.008
866	0.005
867	0.007
868	0.006
869	0.005
870	0.007
871	0.001
872	0.002
873	0.005
874	0.015
875	0.003
876	0.014
877	0.005
878	0.011
879	0.011
880	0.009
881	0.004
882	0.001
883	0.001
884	0.009
885	0.002
886	0.009
887	0.001
888	0.005
889	0.006
890	0.010
891	0.003
892	0.019
893	0.012
894	0.016
895	0.001
896	0.002
897	0.006
898	0.028
899	0.030
900	0.009
901	0.005
902	0.016
903	0.068
904	0.037
905	0.051
906	0.009
907	0.003
908	0.017
909	0.007
910	0.195
911	0.029
912	0.149
913	0.298
914	0.038
915	0.023
916	0.047
917	0.052
918	0.058
919	0.065
920	0.015
921	0.032
922	0.006
923	0.064
924	0.004
925	0.006
926	0.032
927	0.018
928	0.004
929	0.020
930	0.001
931	0.014
932	0.011
933	0.007
934	0.004
935	0.013
936	0.017
937	0.010
938	0.013
939	0.014
940	0.004
941	0.001
942	0.015
943	0.010
944	0.005
945	0.019
946	0.010
947	0.013
948	0.003
949	0.016
950	0.009
951	0.004
952	0.001
953	0.001
954	0.003
955	0.013
956	0.001
957	0.010
958	0.006
959	0.005
960	0.003
961	0.010
962	0.009
963	0.004
964	0.004
965	0.010
966	0.012
967	0.003
968	0.001
969	0.001
970	0.002
971	0.004
972	0.003
973	0.001
974	0.008
975	0.005
976	0.012
977	0.001
978	0.004
979	0.008
980	0.002
981	0.002
982	0.005
983	0.003
984	0.011
985	0.001
986	0.008
987	0.001
988	0.005
989	0.008
990	0.008
991	0.005
992	0.012
993	0.007
994	0.010
995	0.002
996	0.009
997	0.001
998	0.001
999	0.001
1000	0.011
1001	0.004
1002	0.005
1003	0.001
1004	0.004
1005	0.003
1006	0.008
1007	0.002
1008	0.002
1009	0.004
1010	0.010
1011	0.002
1012	0.003
1013	0.003
1014	0.003
1015	0.003
1016	0.002
1017	0.003
1018	0.005
1019	0.005
1020	0.006
1021	0.004
1022	0.002
1023	0.001
1024	0.002
1025	0.005
1026	0.003
1027	0.004
1028	0.006
1029	0.005
1030	0.001
1031	0.005
1032	0.006
1033	0.001
1034	0.002
1035	0.002
1036	0.005
1037	0.009
1038	0.006
1039	0.001
1040	0.001
1041	0.001
1042	0.004
1043	0.003
1044	0.002
1045	0.005
1046	0.002
1047	0.006
1048	0.006
1049	0.006
1050	0.001
1051	0.004
1052	0.005
1053	0.003
1054	0.002
1055	0.005
1056	0.004
1057	0.004
1058	0.003
1059	0.003
1060	0.001
1061	0.001
1062	0.008
1063	0.009
1064	0.004
1065	0.010
1066	0.007
1067	0.007
1068	0.001
1069	0.005
1070	0.001
1071	0.007
1072	0.005
1073	0.007
1074	0.005
1075	0.007
1076	0.010
1077	0.005
1078	0.001
1079	0.011
1080	0.002
1081	0.008
1082	0.002
1083	0.007
1084	0.004
1085	0.008
1086	0.003
1087	0.001
1088	0.006
1089	0.006
1090	0.007
1091	0.002
1092	0.003
1093	0.008
1094	0.002
1095	0.014
1096	0.008
1097	0.004
1098	0.005
1099	0.003
1100	0.007
1101	0.003
1102	0.005
1103	0.003
1104	0.001
1105	0.003
1106	0.006
1107	0.004
1108	0.010
1109	0.008
1110	0.013
1111	0.002
1112	0.021
1113	0.002
1114	0.002
1115	0.005
1116	0.018
1117	0.017
1118	0.022
1119	0.013
1120	0.013
1121	0.005
1122	0.033
1123	0.009
1124	0.003
1125	0.013
1126	0.016
1127	0.030
1128	0.011
1129	0.018
1130	0.038
1131	0.005
1132	0.067
1133	0.051
1134	0.050
1135	0.147
1136	0.113
1137	0.102
1138	0.052
1139	0.008
1140	0.025
1141	0.024
1142	0.005
1143	0.075
1144	0.010
1145	0.072
1146	0.024
1147	0.014
1148	0.009
1149	0.022
1150	0.024
1151	0.004
1152	0.031
1153	0.013
1154	0.006
1155	0.022
1156	0.009
1157	0.004
1158	0.011
1159	0.006
1160	0.005
1161	0.016
1162	0.012
1163	0.012
1164	0.007
1165	0.003
1166	0.004
1167	0.001
1168	0.014
1169	0.009
1170	0.004
1171	0.006
1172	0.008
1173	0.005
1174	0.009
1175	0.006
1176	0.002
1177	0.007
1178	0.013
1179	0.004
1180	0.006
1181	0.007
1182	0.006
1183	0.004
1184	0.004
1185	0.006
1186	0.003
1187	0.004
1188	0.009
1189	0.005
1190	0.001
1191	0.007
1192	0.001
1193	0.003
1194	0.004
1195	0.005
1196	0.003
1197	0.007
1198	0.003
1199	0.004
1200	0.004
1201	0.004
1202	0.001
1203	0.010
1204	0.006
1205	0.005
1206	0.003
1207	0.005
1208	0.002
1209	0.006
1210	0.001
1211	0.003
1212	0.001
1213	0.006
1214	0.005
1215	0.003
1216	0.001
1217	0.003
1218	0.008
1219	0.004
1220	0.002
1221	0.001
1222	0.002
1223	0.005
1224	0.002
1225	0.001
1226	0.004
1227	0.002
1228	0.010
1229	0.004
1230	0.007
1231	0.005
1232	0.001
1233	0.002
1234	0.001
1235	0.003
1236	0.004
1237	0.004
1238	0.003
1239	0.004
1240	0.004
1241	0.007
1242	0.002
1243	0.006
1244	0.004
1245	0.005
1246	0.004
1247	0.010
1248	0.008
1249	0.006
1250	0.001
1251	0.010
1252	0.001
1253	0.004
1254	0.002
1255	0.005
1256	0.008
1257	0.007
1258	0.007
1259	0.008
1260	0.002
1261	0.011
1262	0.001
1263	0.001
1264	0.004
1265	0.005
1266	0.005
1267	0.001
1268	0.002
1269	0.007
1270	0.001
1271	0.004
1272	0.002
1273	0.003
1274	0.007
1275	0.008
1276	0.007
1277	0.002
1278	0.003
1279	0.002
1280	0.001
1281	0.001
1282	0.006
1283	0.003
1284	0.001
1285	0.007
1286	0.011
1287	0.004
1288	0.004
1289	0.004
1290	0.007
1291	0.003
1292	0.008
1293	0.001
1294	0.006
1295	0.001
1296	0.006
1297	0.005
1298	0.002
1299	0.011
1300	0.005
1301	0.003
1302	0.004
1303	0.003
1304	0.002
1305	0.009
1306	0.001
1307	0.008
1308	0.001
1309	0.012
1310	0.004
1311	0.011
1312	0.003
1313	0.001
1314	0.001
1315	0.017
1316	0.002
1317	0.003
1318	0.007
1319	0.005
1320	0.002
1321	0.007
1322	0.009
1323	0.009
1324	0.003
1325	0.016
1326	0.006
1327	0.003
1328	0.002
1329	0.001
1330	0.013
1331	0.006
1332	0.006
1333	0.015
1334	0.010
1335	0.005
1336	0.016
1337	0.009
1338	0.003
1339	0.008
1340	0.003
1341	0.024
1342	0.013
1343	0.022
1344	0.001
1345	0.009
1346	0.016
1347	0.007
1348	0.009
1349	0.016
1350	0.035
1351	0.023
1352	0.025
1353	0.036
1354	0.038
1355	0.032
1356	0.004
1357	0.013
1358	0.002
1359	0.004
1360	0.092
1361	0.050
1362	0.012
1363	0.017
1364	0.030
1365	0.043
1366	0.121
1367	0.128
1368	0.106
1369	0.081
1370	0.131
1371	0.009
1372	0.035
1373	0.049
1374	0.025
1375	0.015
1376	0.019
1377	0.005
1378	0.018
1379	0.027
1380	0.040
1381	0.024
1382	0.023
1383	0.024
1384	0.011
1385	0.003
1386	0.020
1387	0.003
1388	0.009
1389	0.013
1390	0.007
1391	0.010
1392	0.007
1393	0.023
1394	0.006
1395	0.019
1396	0.003
1397	0.001
1398	0.006
1399	0.011
1400	0.024
1401	0.023
1402	0.003
1403	0.023
1404	0.010
1405	0.026
1406	0.009
1407	0.009
1408	0.007
1409	0.014
1410	0.017
1411	0.018
1412	0.001
1413	0.012
1414	0.006
1415	0.011
1416	0.007
1417	0.016
1418	0.010
1419	0.010
1420	0.010
1421	0.016
1422	0.009
1423	0.002
1424	0.002
1425	0.005
1426	0.005
1427	0.014
1428	0.005
1429	0.006
1430	0.009
1431	0.010
1432	0.013
1433	0.001
1434	0.009
1435	0.013
1436	0.007
1437	0.010
1438	0.008
1439	0.007
1440	0.008
1441	0.001
1442	0.009
1443	0.002
1444	0.010
1445	0.011
1446	0.008
1447	0.007
1448	0.012
1449	0.006
1450	0.005
1451	0.001
1452	0.007
1453	0.001
1454	0.003
1455	0.001
1456	0.008
1457	0.002
1458	0.002
1459	0.002
1460	0.002
1461	0.003
1462	0.006
1463	0.002
1464	0.004
1465	0.001
1466	0.011
1467	0.005
1468	0.005
1469	0.002
1470	0.001
1471	0.002
1472	0.004
1473	0.001
1474	0.007
1475	0.001
1476	0.010
1477	0.002
1478	0.002
1479	0.002
1480	0.003
1481	0.002
1482	0.008
1483	0.004
1484	0.003
1485	0.006
1486	0.004
1487	0.005
1488	0.005
1489	0.002
1490	0.004
1491	0.004
1492	0.008
1493	0.006
1494	0.002
1495	0.006
1496	0.002
1497	0.001
1498	0.003
1499	0.007
1500	0.002
1501	0.001
1502	0.003
1503	0.003
1504	0.001
1505	0.001
1506	0.004
1507	0.003
1508	0.007
1509	0.001
1510	0.001
1511	0.003
1512	0.009
1513	0.001
1514	0.001
1515	0.002
1516	0.006
1517	0.001
1518	0.008
1519	0.004
1520	0.002
1521	0.001
1522	0.002
1523	0.002
1524	0.003
1525	0.001
1526	0.005
1527	0.001
1528	0.004
1529	0.003
1530	0.006
1531	0.003
1532	0.001
1533	0.008
1534	0.005
1535	0.006
1536	0.005
1537	0.001
1538	0.010
1539	0.004
1540	0.009
1541	0.014
1542	0.005
1543	0.007
1544	0.006
1545	0.004
1546	0.009
1547	0.002
1548	0.001
1549	0.004
1550	0.004
1551	0.009
1552	0.005
1553	0.012
1554	0.001
1555	0.001
1556	0.003
1557	0.003
1558	0.002
1559	0.008
1560	0.001
1561	0.007
1562	0.012
1563	0.023
1564	0.017
1565	0.008
1566	0.013
1567	0.001
1568	0.008
1569	0.020
1570	0.008
1571	0.012
1572	0.010
1573	0.008
1574	0.033
1575	0.007
1576	0.008
1577	0.003
1578	0.010
1579	0.051
1580	0.028
1581	0.024
1582	0.023
1583	0.004
1584	0.034
1585	0.013
1586	0.027
1587	0.015
1588	0.026
1589	0.071
1590	0.102
1591	0.302
1592	0.197
1593	0.012
1594	0.056
1595	0.091
1596	0.074
1597	0.045
1598	0.009
1599	0.046
1600	0.037
1601	0.056
1602	0.015
1603	0.019
1604	0.022
1605	0.031
1606	0.024
1607	0.003
1608	0.022
1609	0.010
1610	0.001
1611	0.006
1612	0.024
1613	0.009
1614	0.020
1615	0.003
1616	0.006
1617	0.009
1618	0.012
1619	0.003
1620	0.015
1621	0.001
1622	0.002
1623	0.004
1624	0.007
1625	0.001
1626	0.001
1627	0.001
1628	0.003
1629	0.003
1630	0.008
1631	0.001
1632	0.007
1633	0.003
1634	0.002
1635	0.016
1636	0.009
1637	0.008
1638	0.005
1639	0.005
1640	0.007
1641	0.002
1642	0.004
1643	0.001
1644	0.001
1645	0.010
1646	0.001
1647	0.004
1648	0.005
1649	0.002
1650	0.007
1651	0.001
1652	0.006
1653	0.005
1654	0.005
1655	0.003
1656	0.004
1657	0.001
1658	0.007
1659	0.009
1660	0.003
1661	0.001
1662	0.005
1663	0.002
1664	0.004
1665	0.007
1666	0.002
1667	0.003
1668	0.004
1669	0.006
1670	0.004
1671	0.002
1672	0.001
1673	0.004
1674	0.001
1675	0.010
1676	0.002
1677	0.001
1678	0.001
1679	0.002
1680	0.003
1681	0.003
1682	0.002
1683	0.006
1684	0.002
1685	0.014
1686	0.010
1687	0.006
1688	0.001
1689	0.004
1690	0.008
1691	0.009
1692	0.003
1693	0.008
1694	0.002
1695	0.010
1696	0.007
1697	0.008
1698	0.001
1699	0.009
1700	0.008
1701	0.010
1702	0.008
1703	0.011
1704	0.005
1705	0.003
1706	0.001
1707	0.009
1708	0.002
1709	0.004
1710	0.001
1711	0.006
1712	0.006
1713	0.005
1714	0.002
1715	0.002
1716	0.001
1717	0.010
1718	0.003
1719	0.003
1720	0.002
1721	0.004
1722	0.001
1723	0.003
1724	0.001
1725	0.003
1726	0.002
1727	0.005
1728	0.002
1729	0.006
1730	0.007
1731	0.006
1732	0.001
1733	0.001
1734	0.003
1735	0.003
1736	0.001
1737	0.002
1738	0.005
1739	0.002
1740	0.001
1741	0.006
1742	0.003
1743	0.001
1744	0.002
1745	0.001
1746	0.010
1747	0.003
1748	0.005
1749	0.004
1750	0.007
1751	0.003
1752	0.002
1753	0.007
1754	0.002
1755	0.003
1756	0.013
1757	0.001
1758	0.005
1759	0.001
1760	0.002
1761	0.001
1762	0.008
1763	0.001
1764	0.005
1765	0.003
1766	0.007
1767	0.001
1768	0.010
1769	0.002
1770	0.004
1771	0.006
1772	0.017
1773	0.016
1774	0.013
1775	0.002
1776	0.008
1777	0.002
1778	0.015
1779	0.006
1780	0.007
1781	0.012
1782	0.011
1783	0.013
1784	0.005
1785	0.001
1786	0.008
1787	0.007
1788	0.010
1789	0.009
1790	0.018
1791	0.009
1792	0.006
1793	0.002
1794	0.001
1795	0.012
1796	0.009
1797	0.027
1798	0.003
1799	0.006
1800	0.021
1801	0.006
1802	0.006
1803	0.001
1804	0.018
1805	0.019
1806	0.022
1807	0.010
1808	0.006
1809	0.008
1810	0.001
1811	0.011
1812	0.014
1813	0.032
1814	0.015
1815	0.024
1816	0.037
1817	0.143
1818	0.031
1819	0.026
1820	0.040
1821	0.010
1822	0.019
1823	0.192
1824	0.061
1825	0.018
1826	0.074
1827	0.037
1828	0.003
1829	0.038
1830	0.003
1831	0.001
1832	0.014
1833	0.001
1834	0.004
1835	0.026
1836	0.027
1837	0.001
1838	0.006
1839	0.027
1840	0.017
1841	0.002
1842	0.009
1843	0.023
1844	0.013
1845	0.027
1846	0.014
1847	0.014
1848	0.009
1849	0.028
1850	0.006
1851	0.019
1852	0.004
1853	0.012
1854	0.006
1855	0.021
1856	0.020
1857	0.008
1858	0.006
1859	0.022
1860	0.006
1861	0.021
1862	0.001
1863	0.008
1864	0.005
1865	0.013
1866	0.007
1867	0.001
1868	0.013
1869	0.007
1870	0.002
1871	0.008
1872	0.001
1873	0.010
1874	0.001
1875	0.007
1876	0.003
1877	0.007
1878	0.003
1879	0.002
1880	0.003
1881	0.006
1882	0.004
1883	0.009
1884	0.005
1885	0.003
1886	0.005
1887	0.010
1888	0.007
1889	0.001
1890	0.011
1891	0.012
1892	0.005
1893	0.007
1894	0.001
1895	0.003
1896	0.003
1897	0.002
1898	0.007
1899	0.002
1900	0.009
1901	0.007
1902	0.003
1903	0.005
1904	0.007
1905	0.002
1906	0.002
1907	0.002
1908	0.008
1909	0.002
1910	0.003
1911	0.001
1912	0.004
1913	0.003
1914	0.005
1915	0.002
1916	0.005
1917	0.008
1918	0.008
1919	0.003
1920	0.007
1921	0.003
1922	0.011
1923	0.005
1924	0.003
1925	0.006
1926	0.008
1927	0.007
1928	0.005
1929	0.003
1930	0.009
1931	0.003
1932	0.012
1933	0.001
1934	0.006
1935	0.007
1936	0.007
1937	0.003
1938	0.005
1939	0.001
1940	0.001
1941	0.005
1942	0.006
1943	0.003
1944	0.002
1945	0.003
1946	0.005
1947	0.001
1948	0.004
1949	0.003
1950	0.007
1951	0.005
1952	0.002
1953	0.001
1954	0.002
1955	0.011
1956	0.001
1957	0.004
1958	0.003
1959	0.001
1960	0.004
1961	0.001
1962	0.001
1963	0.002
1964	0.005
1965	0.007
1966	0.004
1967	0.007
1968	0.007
1969	0.002
1970	0.002
1971	0.005
1972	0.006
1973	0.001
1974	0.005
1975	0.004
1976	0.008
1977	0.004
1978	0.002
1979	0.001
1980	0.002
1981	0.005
1982	0.010
1983	0.004
1984	0.008
1985	0.007
1986	0.010
1987	0.004
1988	0.002
1989	0.007
1990	0.001
1991	0.004
1992	0.009
1993	0.004
1994	0.011
1995	0.001
1996	0.006
1997	0.007
1998	0.001
1999	0.004
2000	0.001
2001	0.006
2002	0.007
2003	0.003
2004	0.002
2005	0.010
2006	0.002
2007	0.003
2008	0.013
2009	0.009
2010	0.004
2011	0.002
2012	0.002
2013	0.004
2014	0.003
2015	0.008
2016	0.001
2017	0.011
2018	0.011
2019	0.014
2020	0.003
2021	0.006
2022	0.008
2023	0.004
2024	0.003
2025	0.014
2026	0.007
2027	0.001
2028	0.021
2029	0.006
2030	0.010
2031	0.015
2032	0.004
2033	0.001
2034	0.014
2035	0.058
2036	0.004
2037	0.006
2038	0.042
2039	0.021
2040	0.037
2041	0.022
2042	0.017
2043	0.046
2044	0.040
2045	0.158
2046	0.120
2047	0.227
2048	0.018
2049	0.191
2050	0.177
2051	0.133
2052	0.057
2053	0.027
2054	0.008
2055	0.036
2056	0.041
2057	0.010
2058	0.040
2059	0.014
2060	0.006
2061	0.052
2062	0.015
2063	0.005
2064	0.005
2065	0.018
2066	0.011
2067	0.004
2068	0.020
2069	0.002
2070	0.006
2071	0.013
2072	0.002
2073	0.004
2074	0.009
2075	0.006
2076	0.002
2077	0.015
2078	0.012
2079	0.012
2080	0.001
2081	0.008
2082	0.004
2083	0.004
2084	0.001
2085	0.001
2086	0.003
2087	0.010
2088	0.014
2089	0.004
2090	0.003
2091	0.011
2092	0.002
2093	0.004
2094	0.007
2095	0.007
2096	0.002
2097	0.004
2098	0.002
2099	0.006
2100	0.005
2101	0.001
2102	0.010
2103	0.003
2104	0.008
2105	0.005
2106	0.002
2107	0.006
2108	0.001
2109	0.004
2110	0.009
2111	0.006
2112	0.008
2113	0.003
2114	0.009
2115	0.004
2116	0.001
2117	0.001
2118	0.002
2119	0.003
2120	0.007
2121	0.003
2122	0.006
2123	0.002
2124	0.005
2125	0.004
2126	0.001
2127	0.003
2128	0.006
2129	0.006
2130	0.003
2131	0.006
2132	0.006
2133	0.003
2134	0.001
2135	0.001
2136	0.003
2137	0.001
2138	0.002
2139	0.003
2140	0.002
2141	0.010
2142	0.001
2143	0.002
2144	0.003
2145	0.004
2146	0.006
2147	0.002
2148	0.005
2149	0.002
2150	0.006
2151	0.002
2152	0.003
2153	0.004
2154	0.007
2155	0.004
2156	0.001
2157	0.001
2158	0.006
2159	0.004
2160	0.008
2161	0.008
2162	0.007
2163	0.002
2164	0.013
2165	0.004
2166	0.010
2167	0.003
2168	0.006
2169	0.008
2170	0.009
2171	0.007
2172	0.004
2173	0.004
2174	0.012
2175	0.004
2176	0.007
2177	0.004
2178	0.009
2179	0.009
2180	0.006
2181	0.002
2182	0.005
2183	0.003
2184	0.005
2185	0.001
2186	0.003
2187	0.002
2188	0.008
2189	0.002
2190	0.002
2191	0.002
2192	0.007
2193	0.005
2194	0.003
2195	0.007
2196	0.009
2197	0.002
2198	0.007
2199	0.002
2200	0.003
2201	0.003
2202	0.001
2203	0.007
2204	0.005
2205	0.012
2206	0.011
2207	0.001
2208	0.007
2209	0.009
2210	0.005
2211	0.003
2212	0.005
2213	0.009
2214	0.004
2215	0.006
2216	0.003
2217	0.002
2218	0.002
2219	0.007
2220	0.003
2221	0.007
2222	0.002
2223	0.010
2224	0.001
2225	0.008
2226	0.003
2227	0.007
2228	0.013
2229	0.001
2230	0.007
2231	0.013
2232	0.006
2233	0.008
2234	0.001
2235	0.021
2236	0.007
2237	0.022
2238	0.005
2239	0.009
2240	0.021
2241	0.021
2242	0.007
2243	0.012
2244	0.003
2245	0.019
2246	0.005
2247	0.027
2248	0.010
2249	0.014
2250	0.015
2251	0.027
2252	0.014
2253	0.022
2254	0.008
2255	0.001
2256	0.016
2257	0.025
2258	0.007
2259	0.003
2260	0.026
2261	0.023
2262	0.004
2263	0.004
2264	0.013
2265	0.006
2266	0.003
2267	0.031
2268	0.002
2269	0.029
2270	0.072
2271	0.009
2272	0.053
2273	0.202
2274	0.005
2275	0.022
2276	0.018
2277	0.032
2278	0.010
2279	0.146
2280	0.035
2281	0.022
2282	0.017
2283	0.031
2284	0.017
2285	0.010
2286	0.001
2287	0.008
2288	0.004
2289	0.010
2290	0.020
2291	0.019
2292	0.019
2293	0.001
2294	0.005
2295	0.006
2296	0.022
2297	0.006
2298	0.002
2299	0.027
2300	0.008
2301	0.012
2302	0.002
2303	0.002
2304	0.005
2305	0.009
2306	0.019
2307	0.009
2308	0.011
2309	0.006
2310	0.008
2311	0.001
2312	0.006
2313	0.014
2314	0.012
2315	0.012
2316	0.007
2317	0.005
2318	0.016
2319	0.002
2320	0.009
2321	0.002
2322	0.014
2323	0.017
2324	0.018
2325	0.006
2326	0.005
2327	0.003
2328	0.011
2329	0.001
2330	0.008
2331	0.002
2332	0.006
2333	0.001
2334	0.009
2335	0.001
2336	0.001
2337	0.001
2338	0.006
2339	0.002
2340	0.014
2341	0.002
2342	0.001
2343	0.006
2344	0.003
2345	0.004
2346	0.006
2347	0.003
2348	0.006
2349	0.004
2350	0.011
2351	0.001
2352	0.003
2353	0.002
2354	0.004
2355	0.007
2356	0.001
2357	0.003
2358	0.006
2359	0.002
2360	0.001
2361	0.004
2362	0.004
2363	0.001
2364	0.001
2365	0.007
2366	0.008
2367	0.007
2368	0.003
2369	0.006
2370	0.002
2371	0.004
2372	0.001
2373	0.003
2374	0.001
2375	0.004
2376	0.003
2377	0.003
2378	0.003
2379	0.010
2380	0.001
2381	0.002
2382	0.003
2383	0.005
2384	0.007
2385	0.006
2386	0.001
2387	0.005
2388	0.002
2389	0.009
2390	0.001
2391	0.003
2392	0.005
2393	0.011
2394	0.008
2395	0.010
2396	0.007
2397	0.009
2398	0.001
2399	0.007
2400	0.007
2401	0.009
2402	0.002
2403	0.008
2404	0.003
2405	0.009
2406	0.008
2407	0.003
2408	0.001
2409	0.005
2410	0.009
2411	0.013
2412	0.003
2413	0.005
2414	0.001
2415	0.002
2416	0.002
2417	0.003
2418	0.003
2419	0.002
2420	0.001
2421	0.009
2422	0.001
2423	0.003
2424	0.001
2425	0.003
2426	0.002
2427	0.004
2428	0.002
2429	0.005
2430	0.004
2431	0.005
2432	0.002
2433	0.004
2434	0.006
2435	0.003
2436	0.001
2437	0.007
2438	0.005
2439	0.003
2440	0.002
2441	0.001
2442	0.003
2443	0.007
2444	0.008
2445	0.001
2446	0.009
2447	0.004
2448	0.003
2449	0.006
2450	0.002
2451	0.012
2452	0.002
2453	0.003
2454	0.006
2455	0.001
2456	0.009
2457	0.007
2458	0.003
2459	0.010
2460	0.011
2461	0.018
2462	0.004
2463	0.004
2464	0.008
2465	0.001
2466	0.007
2467	0.001
2468	0.001
2469	0.002
2470	0.002
2471	0.002
2472	0.006
2473	0.005
2474	0.001
2475	0.001
2476	0.014
2477	0.001
2478	0.013
2479	0.008
2480	0.005
2481	0.002
2482	0.020
2483	0.007
2484	0.024
2485	0.008
2486	0.001
2487	0.007
2488	0.022
2489	0.006
2490	0.023
2491	0.037
2492	0.023
2493	0.012
2494	0.018
2495	0.066
2496	0.032
2497	0.033
2498	0.005
2499	0.063
2500	0.046
2501	0.114
2502	0.073
2503	0.022
2504	0.198
2505	0.264
2506	0.130
2507	0.040
2508	0.023
2509	0.010
2510	0.030
2511	0.034
2512	0.028
2513	0.022
2514	0.029
2515	0.009
2516	0.021
2517	0.037
2518	0.017
2519	0.014
2520	0.002
2521	0.003
2522	0.027
2523	0.001
2524	0.016
2525	0.004
2526	0.003
2527	0.013
2528	0.012
2529	0.006
2530	0.009
2531	0.002
2532	0.013
2533	0.018
2534	0.008
2535	0.003
2536	0.003
2537	0.004
2538	0.002
2539	0.001
2540	0.006
2541	0.003
2542	0.003
2543	0.008
2544	0.002
2545	0.012
2546	0.007
2547	0.002
2548	0.003
2549	0.001
2550	0.011
2551	0.002
2552	0.008
2553	0.008
2554	0.007
2555	0.016
2556	0.010
2557	0.005
2558	0.012
2559	0.002
2560	0.006
2561	0.005
2562	0.006
2563	0.009
2564	0.003
2565	0.004
2566	0.007
2567	0.004
2568	0.005
2569	0.001
2570	0.006
2571	0.001
2572	0.004
2573	0.003
2574	0.003
2575	0.001
2576	0.003
2577	0.003
2578	0.007
2579	0.001
2580	0.006
2581	0.003
2582	0.002
2583	0.001
2584	0.009
2585	0.003
2586	0.001
2587	0.001
2588	0.006
2589	0.003
2590	0.004
2591	0.002
2592	0.002
2593	0.003
2594	0.003
2595	0.001
2596	0.001
2597	0.007
2598	0.002
2599	0.001
2600	0.002
2601	0.006
2602	0.002
2603	0.005
2604	0.008
2605	0.004
2606	0.004
2607	0.002
2608	0.005
2609	0.005
2610	0.003
2611	0.007
2612	0.003
2613	0.004
2614	0.008
2615	0.002
2616	0.003
2617	0.002
2618	0.002
2619	0.002
2620	0.010
2621	0.002
2622	0.007
2623	0.001
2624	0.004
2625	0.002
2626	0.001
2627	0.002
2628	0.005
2629	0.005
2630	0.011
2631	0.001
2632	0.004
2633	0.002
2634	0.006
2635	0.003
2636	0.002
2637	0.002
2638	0.002
2639	0.002
2640	0.008
2641	0.001
2642	0.003
2643	0.001
2644	0.007
2645	0.001
2646	0.005
2647	0.006
2648	0.011
2649	0.007
2650	0.007
2651	0.011
2652	0.010
2653	0.002
2654	0.009
2655	0.001
2656	0.008
2657	0.007
2658	0.008
2659	0.010
2660	0.007
2661	0.013
2662	0.009
2663	0.001
2664	0.012
2665	0.010
2666	0.009
2667	0.005
2668	0.005
2669	0.013
2670	0.004
2671	0.005
2672	0.002
2673	0.001
2674	0.009
2675	0.015
2676	0.010
2677	0.010
2678	0.010
2679	0.015
2680	0.007
2681	0.010
2682	0.005
2683	0.011
2684	0.002
2685	0.016
2686	0.016
2687	0.012
2688	0.006
2689	0.007
2690	0.007
2691	0.024
2692	0.009
2693	0.021
2694	0.005
2695	0.020
2696	0.022
2697	0.009
2698	0.007
2699	0.002
2700	0.005
2701	0.016
2702	0.008
2703	0.020
2704	0.009
2705	0.007
2706	0.005
2707	0.009
2708	0.011
2709	0.002
2710	0.022
2711	0.002
2712	0.013
2713	0.018
2714	0.025
2715	0.031
2716	0.042
2717	0.020
2718	0.020
2719	0.014
2720	0.021
2721	0.005
2722	0.024
2723	0.036
2724	0.034
2725	0.024
2726	0.125
2727	0.062
2728	0.077
2729	0.149
2730	0.084
2731	0.021
2732	0.047
2733	0.002
2734	0.024
2735	0.065
2736	0.088
2737	0.008
2738	0.008
2739	0.003
2740	0.010
2741	0.023
2742	0.031
2743	0.028
2744	0.018
2745	0.015
2746	0.029
2747	0.009
2748	0.015
2749	0.001
2750	0.010
2751	0.004
2752	0.004
2753	0.017
2754	0.008
2755	0.020
2756	0.002
2757	0.004
2758	0.002
2759	0.005
2760	0.012
2761	0.002
2762	0.014
2763	0.011
2764	0.010
2765	0.003
2766	0.016
2767	0.003
2768	0.005
2769	0.005
2770	0.003
2771	0.013
2772	0.006
2773	0.006
2774	0.012
2775	0.005
2776	0.005
2777	0.003
2778	0.009
2779	0.005
2780	0.001
2781	0.015
2782	0.003
2783	0.002
2784	0.005
2785	0.009
2786	0.002
2787	0.011
2788	0.002
2789	0.006
2790	0.002
2791	0.007
2792	0.001
2793	0.005
2794	0.006
2795	0.001
2796	0.007
2797	0.010
2798	0.001
2799	0.004
2800	0.008
2801	0.002
2802	0.005
2803	0.003
2804	0.009
2805	0.004
2806	0.009
2807	0.003
2808	0.005
2809	0.006
2810	0.012
2811	0.008
2812	0.001
2813	0.004
2814	0.007
2815	0.002
2816	0.002
2817	0.003
2818	0.004
2819	0.003
2820	0.008
2821	0.009
2822	0.008
2823	0.004
2824	0.003
2825	0.005
2826	0.001
2827	0.008
2828	0.003
2829	0.001
2830	0.006
2831	0.006
2832	0.005
2833	0.002
2834	0.001
2835	0.012
2836	0.003
2837	0.009
2838	0.008
2839	0.008
2840	0.008
2841	0.005
2842	0.003
2843	0.005
2844	0.002
2845	0.011
2846	0.001
2847	0.007
2848	0.008
2849	0.011
2850	0.004
2851	0.006
2852	0.004
2853	0.007
2854	0.002
2855	0.008
2856	0.004
2857	0.004
2858	0.002
2859	0.004
2860	0.004
2861	0.003
2862	0.001
2863	0.002
2864	0.001
2865	0.005
2866	0.007
2867	0.004
2868	0.010
2869	0.003
2870	0.003
2871	0.001
2872	0.002
2873	0.005
2874	0.002
2875	0.002
2876	0.003
2877	0.004
2878	0.007
2879	0.003
2880	0.001
2881	0.003
2882	0.006
2883	0.006
2884	0.001
2885	0.002
2886	0.001
2887	0.006
2888	0.002
2889	0.004
2890	0.002
2891	0.006
2892	0.007
2893	0.011
2894	0.001
2895	0.003
2896	0.004
2897	0.005
2898	0.004
2899	0.006
2900	0.002
2901	0.006
2902	0.003
2903	0.004
2904	0.001
2905	0.006
2906	0.001
2907	0.003
2908	0.010
2909	0.005
2910	0.003
2911	0.007
2912	0.003
2913	0.005
2914	0.007
2915	0.006
2916	0.005
2917	0.003
2918	0.014
2919	0.008
2920	0.003
2921	0.007
2922	0.010
2923	0.006
2924	0.009
2925	0.007
2926	0.005
2927	0.010
2928	0.014
2929	0.001
2930	0.004
2931	0.003
2932	0.007
2933	0.012
2934	0.012
2935	0.015
2936	0.004
2937	0.005
2938	0.009
2939	0.006
2940	0.008
2941	0.026
2942	0.008
2943	0.018
2944	0.034
2945	0.002
2946	0.027
2947	0.030
2948	0.006
2949	0.024
2950	0.026
2951	0.085
2952	0.010
2953	0.058
2954	0.006
2955	0.046
2956	0.002
2957	0.020
2958	0.026
2959	0.078
2960	0.207
2961	0.128
2962	0.027
2963	0.065
2964	0.057
2965	0.006
2966	0.032
2967	0.027
2968	0.015
2969	0.036
2970	0.013
2971	0.008
2972	0.005
2973	0.006
2974	0.031
2975	0.002
2976	0.015
2977	0.010
2978	0.023
2979	0.018
2980	0.016
2981	0.004
2982	0.003
2983	0.001
2984	0.020
2985	0.001
2986	0.014
2987	0.007
2988	0.011
2989	0.003
2990	0.006
2991	0.004
2992	0.001
2993	0.002
2994	0.005
2995	0.003
2996	0.007
2997	0.003
2998	0.005
2999	0.003
3000	0.008
3001	0.014
3002	0.002
3003	0.008
3004	0.003
3005	0.001
3006	0.007
3007	0.006
3008	0.006
3009	0.001
3010	0.003
3011	0.008
3012	0.004
3013	0.007
3014	0.002
3015	0.008
3016	0.002
3017	0.012
3018	0.001
3019	0.005
3020	0.010
3021	0.008
3022	0.005
3023	0.008
3024	0.005
3025	0.007
3026	0.002
3027	0.005
3028	0.002
3029	0.007
3030	0.008
3031	0.011
3032	0.004
3033	0.010
3034	0.009
3035	0.001
3036	0.001
3037	0.004
3038	0.004
3039	0.005
3040	0.004
3041	0.006
3042	0.003
3043	0.004
3044	0.006
3045	0.003
3046	0.002
3047	0.007
3048	0.006
3049	0.007
3050	0.001
3051	0.005
3052	0.003
3053	0.002
3054	0.004
3055	0.001
3056	0.001
3057	0.001
3058	0.006
3059	0.009
3060	0.006
3061	0.003
3062	0.002
3063	0.001
3064	0.007
3065	0.005
3066	0.001
3067	0.005
3068	0.006
3069	0.004
3070	0.003
3071	0.005
3072	0.002
3073	0.001
3074	0.002
3075	0.004
3076	0.005
3077	0.005
3078	0.005
3079	0.003
3080	0.002
3081	0.004
3082	0.004
3083	0.004
3084	0.004
3085	0.001
3086	0.010
3087	0.005
3088	0.001
3089	0.003
3090	0.007
3091	0.002
3092	0.002
3093	0.001
3094	0.004
3095	0.002
3096	0.009
3097	0.003
3098	0.001
3099	0.002
3100	0.008
3101	0.001
3102	0.008
3103	0.005
3104	0.010
3105	0.003
3106	0.006
3107	0.006
3108	0.003
3109	0.003
3110	0.006
3111	0.003
3112	0.008
3113	0.001
3114	0.002
3115	0.002
3116	0.001
3117	0.006
3118	0.001
3119	0.004
3120	0.009
3121	0.002
3122	0.004
3123	0.003
3124	0.001
3125	0.001
3126	0.006
3127	0.003
3128	0.003
3129	0.001
3130	0.008
3131	0.006
3132	0.001
3133	0.001
3134	0.005
3135	0.005
3136	0.002
3137	0.001
3138	0.001
3139	0.005
3140	0.005
3141	0.007
3142	0.003
3143	0.007
3144	0.005
3145	0.003
3146	0.003
3147	0.010
3148	0.003
3149	0.006
3150	0.016
3151	0.011
3152	0.002
3153	0.018
3154	0.023
3155	0.010
3156	0.004
3157	0.004
3158	0.022
3159	0.001
3160	0.026
3161	0.002
3162	0.005
3163	0.006
3164	0.022
3165	0.001
3166	0.010
3167	0.005
3168	0.015
3169	0.002
3170	0.044
3171	0.024
3172	0.017
3173	0.044
3174	0.019
3175	0.009
3176	0.002
3177	0.039
3178	0.046
3179	0.022
3180	0.057
3181	0.011
3182	0.035
3183	0.258
3184	0.063
3185	0.073
3186	0.141
3187	0.006
3188	0.026
3189	0.010
3190	0.016
3191	0.054
3192	0.051
3193	0.068
3194	0.006
3195	0.003
3196	0.018
3197	0.033
3198	0.036
3199	0.010
3200	0.005
3201	0.006
3202	0.023
3203	0.007
3204	0.013
3205	0.002
3206	0.016
3207	0.001
3208	0.002
3209	0.005
3210	0.003
3211	0.008
3212	0.004
3213	0.006
3214	0.004
3215	0.009
3216	0.014
3217	0.006
3218	0.007
3219	0.009
3220	0.010
3221	0.001
3222	0.011
3223	0.009
3224	0.006
3225	0.005
3226	0.011
3227	0.008
3228	0.003
3229	0.011
3230	0.003
3231	0.011
3232	0.002
3233	0.010
3234	0.002
3235	0.004
3236	0.005
3237	0.011
3238	0.008
3239	0.001
3240	0.003
3241	0.014
3242	0.003
3243	0.008
3244	0.006
3245	0.005
3246	0.004
3247	0.003
3248	0.009
3249	0.009
3250	0.004
3251	0.002
3252	0.007
3253	0.004
3254	0.010
3255	0.003
3256	0.012
3257	0.001
3258	0.001
3259	0.008
3260	0.010
3261	0.004
3262	0.008
3263	0.001
3264	0.014
3265	0.011
3266	0.014
3267	0.003
3268	0.001
3269	0.005
3270	0.009
3271	0.001
3272	0.003
3273	0.004
3274	0.007
3275	0.006
3276	0.010
3277	0.005
3278	0.005
3279	0.002
3280	0.007
3281	0.008
3282	0.006
3283	0.010
3284	0.003
3285	0.002
3286	0.008
3287	0.006
3288	0.005
3289	0.001
3290	0.007
3291	0.015
3292	0.007
3293	0.012
3294	0.007
3295	0.007
3296	0.008
3297	0.005
3298	0.005
3299	0.005
3300	0.005
3301	0.011
3302	0.001
3303	0.006
3304	0.006
3305	0.006
3306	0.001
3307	0.005
3308	0.006
3309	0.008
3310	0.003
3311	0.005
3312	0.001
3313	0.001
3314	0.002
3315	0.003
3316	0.005
3317	0.006
3318	0.002
3319	0.003
3320	0.004
3321	0.007
3322	0.006
3323	0.001
3324	0.005
3325	0.010
3326	0.002
3327	0.007
3328	0.001
3329	0.001
3330	0.004
3331	0.005
3332	0.004
3333	0.003
3334	0.003
3335	0.013
3336	0.007
3337	0.009
3338	0.006
3339	0.006
3340	0.001
3341	0.001
3342	0.003
3343	0.004
3344	0.003
3345	0.001
3346	0.003
3347	0.007
3348	0.003
3349	0.003
3350	0.008
3351	0.002
3352	0.006
3353	0.005
3354	0.001
3355	0.009
3356	0.001
3357	0.003
3358	0.009
3359	0.003
3360	0.010
3361	0.006
3362	0.003
3363	0.001
3364	0.008
3365	0.003
3366	0.001
3367	0.002
3368	0.007
3369	0.003
3370	0.002
3371	0.010
3372	0.006
3373	0.001
3374	0.009
3375	0.006
3376	0.011
3377	0.006
3378	0.001
3379	0.001
3380	0.002
3381	0.004
3382	0.007
3383	0.002
3384	0.003
3385	0.019
3386	0.018
3387	0.021
3388	0.008
3389	0.025
3390	0.012
3391	0.006
3392	0.018
3393	0.011
3394	0.014
3395	0.020
3396	0.006
3397	0.032
3398	0.006
3399	0.024
3400	0.021
3401	0.006
3402	0.043
3403	0.037
3404	0.012
3405	0.023
3406	0.010
3407	0.032
3408	0.085
3409	0.081
3410	0.013
3411	0.016
3412	0.051
3413	0.022
3414	0.020
3415	0.034
3416	0.102
3417	0.013
3418	0.083
3419	0.044
3420	0.001
3421	0.031
3422	0.025
3423	0.013
3424	0.011
3425	0.031
3426	0.007
3427	0.005
3428	0.006
3429	0.010
3430	0.003
3431	0.034
3432	0.022
3433	0.012
3434	0.012
3435	0.023
3436	0.001
3437	0.014
3438	0.008
3439	0.001
3440	0.011
3441	0.016
3442	0.017
3443	0.005
3444	0.003
3445	0.003
3446	0.001
3447	0.010
3448	0.011
3449	0.003
3450	0.003
3451	0.001
3452	0.001
3453	0.001
3454	0.002
3455	0.006
3456	0.004
3457	0.002
3458	0.018
3459	0.014
3460	0.006
3461	0.002
3462	0.001
3463	0.013
3464	0.002
3465	0.008
3466	0.001
3467	0.001
3468	0.014
3469	0.010
3470	0.003
3471	0.005
3472	0.003
3473	0.013
3474	0.002
3475	0.011
3476	0.009
3477	0.004
3478	0.002
3479	0.003
3480	0.001
3481	0.001
3482	0.004
3483	0.001
3484	0.002
3485	0.005
3486	0.002
3487	0.002
3488	0.007
3489	0.002
3490	0.001
3491	0.006
3492	0.005
3493	0.002
3494	0.003
3495	0.003
3496	0.010
3497	0.001
3498	0.008
3499	0.003
3500	0.003
3501	0.007
3502	0.001
3503	0.003
3504	0.001
3505	0.003
3506	0.009
3507	0.001
3508	0.006
3509	0.007
3510	0.003
3511	0.005
3512	0.004
3513	0.003
3514	0.002
3515	0.003
3516	0.007
3517	0.005
3518	0.005
3519	0.004
3520	0.001
3521	0.004
3522	0.011
3523	0.010
3524	0.002
3525	0.009
3526	0.010
3527	0.014
3528	0.007
3529	0.003
3530	0.004
3531	0.004
3532	0.008
3533	0.012
3534	0.002
3535	0.010
3536	0.006
3537	0.011
3538	0.007
3539	0.006
3540	0.007
3541	0.004
3542	0.003
3543	0.015
3544	0.005
3545	0.006
3546	0.003
3547	0.005
3548	0.004
3549	0.007
3550	0.003
3551	0.005
3552	0.004
3553	0.016
3554	0.010
3555	0.007
3556	0.001
3557	0.010
3558	0.003
3559	0.010
3560	0.004
3561	0.011
3562	0.006
3563	0.009
3564	0.011
3565	0.012
3566	0.005
3567	0.016
3568	0.005
3569	0.018
3570	0.013
3571	0.017
3572	0.009
3573	0.004
3574	0.010
3575	0.013
3576	0.001
3577	0.011
3578	0.006
3579	0.017
3580	0.010
3581	0.011
3582	0.010
3583	0.007
3584	0.007
3585	0.008
3586	0.001
3587	0.007
3588	0.010
3589	0.007
3590	0.003
3591	0.003
3592	0.005
3593	0.004
3594	0.001
3595	0.004
3596	0.012
3597	0.004
3598	0.013
3599	0.008
3600	0.001
3601	0.003
3602	0.004
3603	0.002
3604	0.003
3605	0.001
3606	0.014
3607	0.013
3608	0.006
3609	0.012
3610	0.005
3611	0.007
3612	0.009
3613	0.003
3614	0.015
3615	0.009
3616	0.004
3617	0.031
3618	0.014
3619	0.014
3620	0.010
3621	0.039
3622	0.020
3623	0.022
3624	0.002
3625	0.021
3626	0.002
3627	0.036
3628	0.042
3629	0.076
3630	0.001
3631	0.057
3632	0.042
3633	0.084
3634	0.073
3635	0.039
3636	0.010
3637	0.117
3638	0.154
3639	0.435
3640	0.448
3641	0.164
3642	0.024
3643	0.125
3644	0.038
3645	0.050
3646	0.026
3647	0.083
3648	0.006
3649	0.092
3650	0.017
3651	0.008
3652	0.012
3653	0.006
3654	0.002
3655	0.029
3656	0.011
3657	0.006
3658	0.007
3659	0.029
3660	0.019
3661	0.008
3662	0.003
3663	0.026
3664	0.015
3665	0.021
3666	0.011
3667	0.002
3668	0.004
3669	0.001
3670	0.003
3671	0.001
3672	0.004
3673	0.019
3674	0.006
3675	0.001
3676	0.011
3677	0.001
3678	0.006
3679	0.011
3680	0.002
3681	0.001
3682	0.005
3683	0.001
3684	0.003
3685	0.012
3686	0.001
3687	0.010
3688	0.002
3689	0.008
3690	0.005
3691	0.001
3692	0.002
3693	0.005
3694	0.006
3695	0.007
3696	0.010
3697	0.012
3698	0.001
3699	0.005
3700	0.004
3701	0.010
3702	0.001
3703	0.007
3704	0.005
3705	0.002
3706	0.008
3707	0.007
3708	0.002
3709	0.007
3710	0.002
3711	0.012
3712	0.003
3713	0.017
3714	0.009
3715	0.006
3716	0.007
3717	0.011
3718	0.006
3719	0.012
3720	0.001
3721	0.009
3722	0.008
3723	0.021
3724	0.014
3725	0.009
3726	0.007
3727	0.017
3728	0.013
3729	0.013
3730	0.009
3731	0.012
3732	0.009
3733	0.015
3734	0.009
3735	0.010
3736	0.003
3737	0.009
3738	0.010
3739	0.009
3740	0.014
3741	0.012
3742	0.006
3743	0.011
3744	0.009
3745	0.012
3746	0.001
3747	0.001
3748	0.009
3749	0.006
3750	0.010
3751	0.006
3752	0.003
3753	0.007
3754	0.008
3755	0.009
3756	0.006
3757	0.005
3758	0.013
3759	0.007
3760	0.006
3761	0.005
3762	0.006
3763	0.001
3764	0.002
3765	0.003
3766	0.006
3767	0.005
3768	0.006
3769	0.005
3770	0.005
3771	0.002
3772	0.007
3773	0.005
3774	0.001
3775	0.001
3776	0.001
3777	0.003
3778	0.004
3779	0.001
3780	0.001
3781	0.012
3782	0.001
3783	0.006
3784	0.003
3785	0.001
3786	0.003
3787	0.003
3788	0.002
3789	0.002
3790	0.003
3791	0.015
3792	0.003
3793	0.004
3794	0.001
3795	0.003
3796	0.001
3797	0.002
3798	0.001
3799	0.001
3800	0.004
3801	0.001
3802	0.001
3803	0.001
3804	0.003
3805	0.001
3806	0.007
3807	0.007
3808	0.009
3809	0.003
3810	0.005
3811	0.008
3812	0.004
3813	0.002
3814	0.010
3815	0.001
3816	0.007
3817	0.006
3818	0.009
3819	0.003
3820	0.002
3821	0.006
3822	0.004
3823	0.004
3824	0.004
3825	0.006
3826	0.003
3827	0.006
3828	0.002
3829	0.002
3830	0.002
3831	0.016
3832	0.012
3833	0.001
3834	0.006
3835	0.002
3836	0.002
3837	0.010
3838	0.010
3839	0.003
3840	0.012
3841	0.024
3842	0.018
3843	0.011
3844	0.002
3845	0.019
3846	0.005
3847	0.003
3848	0.024
3849	0.002
3850	0.007
3851	0.001
3852	0.007
3853	0.012
3854	0.013
3855	0.015
3856	0.002
3857	0.004
3858	0.054
3859	0.016
3860	0.016
3861	0.027
3862	0.022
3863	0.009
3864	0.099
3865	0.045
3866	0.013
3867	0.012
3868	0.003
3869	0.007
3870	0.029
3871	0.005
3872	0.072
3873	0.018
3874	0.014
3875	0.031
3876	0.047
3877	0.028
3878	0.038
3879	0.004
3880	0.008
3881	0.019
3882	0.020
3883	0.002
3884	0.014
3885	0.016
3886	0.009
3887	0.025
3888	0.005
3889	0.005
3890	0.004
3891	0.024
3892	0.006
3893	0.004
3894	0.007
3895	0.019
3896	0.017
3897	0.006
3898	0.005
3899	0.016
3900	0.012
3901	0.009
3902	0.001
3903	0.003
3904	0.007
3905	0.020
3906	0.016
3907	0.011
3908	0.012
3909	0.013
3910	0.014
3911	0.005
3912	0.012
3913	0.004
3914	0.003
3915	0.010
3916	0.013
3917	0.013
3918	0.007
3919	0.001
3920	0.013
3921	0.007
3922	0.018
3923	0.011
3924	0.003
3925	0.014
3926	0.018
3927	0.013
3928	0.008
3929	0.001
3930	0.013
3931	0.007
3932	0.013
3933	0.014
3934	0.014
3935	0.012
3936	0.017
3937	0.014
3938	0.014
3939	0.010
3940	0.012
3941	0.007
3942	0.012
3943	0.012
3944	0.015
3945	0.002
3946	0.007
3947	0.009
3948	0.008
3949	0.006
3950	0.007
3951	0.007
3952	0.012
3953	0.003
3954	0.010
3955	0.002
3956	0.001
3957	0.002
3958	0.004
3959	0.003
3960	0.002
3961	0.002
3962	0.004
3963	0.007
3964	0.003
3965	0.001
3966	0.002
3967	0.001
3968	0.002
3969	0.002
3970	0.001
3971	0.002
3972	0.002
3973	0.007
3974	0.005
3975	0.006
3976	0.006
3977	0.004
3978	0.003
3979	0.003
3980	0.007
3981	0.002
3982	0.003
3983	0.003
3984	0.011
3985	0.012
3986	0.006
3987	0.008
3988	0.004
3989	0.008
3990	0.016
3991	0.006
3992	0.010
3993	0.006
3994	0.012
3995	0.010
3996	0.007
3997	0.010
3998	0.009
3999	0.005
4000	0.017
4001	0.014
4002	0.018
4003	0.008
4004	0.011
4005	0.009
4006	0.013
4007	0.009
4008	0.009
4009	0.001
4010	0.011
4011	0.014
4012	0.014
4013	0.001
4014	0.009
4015	0.005
4016	0.015
4017	0.006
4018	0.012
4019	0.007
4020	0.008
4021	0.010
4022	0.011
4023	0.001
4024	0.011
4025	0.002
4026	0.011
4027	0.007
4028	0.017
4029	0.014
4030	0.007
4031	0.008
4032	0.019
4033	0.007
4034	0.013
4035	0.002
4036	0.013
4037	0.009
4038	0.013
4039	0.008
4040	0.006
4041	0.004
4042	0.013
4043	0.005
4044	0.007
4045	0.009
4046	0.017
4047	0.005
4048	0.007
4049	0.002
4050	0.006
4051	0.005
4052	0.006
4053	0.001
4054	0.006
4055	0.002
4056	0.005
4057	0.007
4058	0.001
4059	0.006
4060	0.003
4061	0.007
4062	0.013
4063	0.009
4064	0.014
4065	0.014
4066	0.008
4067	0.009
4068	0.013
4069	0.026
4070	0.026
4071	0.006
4072	0.013
4073	0.009
4074	0.021
4075	0.021
4076	0.020
4077	0.003
4078	0.038
4079	0.042
4080	0.050
4081	0.029
4082	0.048
4083	0.032
4084	0.053
4085	0.053
4086	0.121
4087	0.043
4088	0.092
4089	0.063
4090	0.109
4091	0.162
4092	0.189
4093	0.167
4094	0.317
4095	0.666
