0.000	-38.713
23.438	-38.707
46.875	-38.691
70.312	-38.665
93.750	-38.627
117.188	-38.578
140.625	-38.519
164.062	-38.448
187.500	-38.365
210.938	-38.271
234.375	-38.165
257.812	-38.046
281.250	-37.915
304.688	-37.770
328.125	-37.612
351.562	-37.439
375.000	-37.252
398.438	-37.048
421.875	-36.828
445.312	-36.590
468.750	-36.333
492.188	-36.057
515.625	-35.758
539.062	-35.437
562.500	-35.089
585.938	-34.714
609.375	-34.309
632.812	-33.869
656.250	-33.391
679.688	-32.870
703.125	-32.300
726.562	-31.673
750.000	-30.980
773.438	-30.207
796.875	-29.339
820.312	-28.353
843.750	-27.215
867.188	-25.877
890.625	-24.263
914.062	-22.238
937.500	-19.540
960.938	-15.523
984.375	-7.629
1007.812	-1.671
1031.250	-13.772
1054.688	-18.692
1078.125	-21.848
1101.562	-24.182
1125.000	-26.040
1148.438	-27.585
1171.875	-28.910
1195.312	-30.070
1218.750	-31.102
1242.188	-32.033
1265.625	-32.881
1289.062	-33.660
1312.500	-34.380
1335.938	-35.050
1359.375	-35.676
1382.812	-36.264
1406.250	-36.818
1429.688	-37.343
1453.125	-37.840
1476.562	-38.313
1500.000	-38.764
1523.438	-39.195
1546.875	-39.607
1570.312	-40.003
1593.750	-40.383
1617.188	-40.748
1640.625	-41.100
1664.062	-41.440
1687.500	-41.768
1710.938	-42.085
1734.375	-42.392
1757.812	-42.689
1781.250	-42.978
1804.688	-43.257
1828.125	-43.529
1851.562	-43.793
1875.000	-44.050
1898.438	-44.299
1921.875	-44.543
1945.312	-44.780
1968.750	-45.011
1992.188	-45.237
2015.625	-45.457
2039.062	-45.672
2062.500	-45.882
2085.938	-46.088
2109.375	-46.288
2132.812	-46.485
2156.250	-46.677
2179.688	-46.865
2203.125	-47.049
2226.562	-47.230
2250.000	-47.407
2273.438	-47.580
2296.875	-47.750
2320.312	-47.918
2343.750	-48.081
2367.188	-48.242
2390.625	-48.400
2414.062	-48.555
2437.500	-48.708
2460.938	-48.858
2484.375	-49.005
2507.812	-49.148
2531.250	-49.291
2554.688	-49.432
2578.125	-49.570
2601.562	-49.705
2625.000	-49.839
2648.438	-49.970
2671.875	-50.100
2695.312	-50.227
2718.750	-50.352
2742.188	-50.476
2765.625	-50.598
2789.062	-50.718
2812.500	-50.836
2835.938	-50.953
2859.375	-51.068
2882.812	-51.181
2906.250	-51.291
2929.688	-51.403
2953.125	-51.512
2976.562	-51.619
3000.000	-51.725
3023.438	-51.831
3046.875	-51.934
3070.312	-52.036
3093.750	-52.128
3117.188	-52.237
3140.625	-52.336
3164.062	-52.432
3187.500	-52.528
3210.938	-52.624
3234.375	-52.716
3257.812	-52.810
3281.250	-52.902
3304.688	-52.992
3328.125	-53.082
3351.562	-53.170
3375.000	-53.257
3398.438	-53.343
3421.875	-53.430
3445.312	-53.512
3468.750	-53.599
3492.188	-53.681
3515.625	-53.763
3539.062	-53.845
3562.500	-53.926
3585.938	-54.006
3609.375	-54.084
3632.812	-54.162
3656.250	-54.240
3679.688	-54.316
3703.125	-54.394
3726.562	-54.467
3750.000	-54.541
3773.438	-54.615
3796.875	-54.686
3820.312	-54.759
3843.750	-54.830
3867.188	-54.903
3890.625	-54.971
3914.062	-55.042
3937.500	-55.110
3960.938	-55.178
3984.375	-55.247
4007.812	-55.313
4031.250	-55.380
4054.688	-55.446
4078.125	-55.512
4101.562	-55.578
4125.000	-55.641
4148.438	-55.705
4171.875	-55.767
4195.312	-55.830
4218.750	-55.889
4242.188	-55.955
4265.625	-56.016
4289.062	-56.077
4312.500	-56.138
4335.938	-56.195
4359.375	-56.257
4382.812	-56.315
4406.250	-56.372
4429.688	-56.431
4453.125	-56.491
4476.562	-56.546
4500.000	-56.599
4523.438	-56.659
4546.875	-56.714
4570.312	-56.754
4593.750	-56.824
4617.188	-56.878
4640.625	-56.933
4664.062	-56.986
4687.500	-57.040
4710.938	-57.092
4734.375	-57.143
4757.812	-57.197
4781.250	-57.240
4804.688	-57.301
4828.125	-57.351
4851.562	-57.402
4875.000	-57.451
4898.438	-57.502
4921.875	-57.550
4945.312	-57.602
4968.750	-57.649
4992.188	-57.697
5015.625	-57.747
5039.062	-57.796
5062.500	-57.843
5085.938	-57.892
5109.375	-57.940
5132.812	-57.983
5156.250	-58.032
5179.688	-58.077
5203.125	-58.124
5226.562	-58.170
5250.000	-58.216
5273.438	-58.250
5296.875	-58.305
5320.312	-58.383
5343.750	-58.392
5367.188	-58.437
5390.625	-58.481
5414.062	-58.524
5437.500	-58.568
5460.938	-58.611
5484.375	-58.654
5507.812	-58.698
5531.250	-58.738
5554.688	-58.782
5578.125	-58.823
5601.562	-58.862
5625.000	-58.900
5648.438	-58.944
5671.875	-58.984
5695.312	-59.034
5718.750	-59.068
5742.188	-59.107
5765.625	-59.149
5789.062	-59.185
5812.500	-59.228
5835.938	-59.267
5859.375	-59.304
5882.812	-59.343
5906.250	-59.384
5929.688	-59.420
5953.125	-59.459
5976.562	-59.500
6000.000	-59.543
6023.438	-59.568
6046.875	-59.607
6070.312	-59.646
6093.750	-59.681
6117.188	-59.718
6140.625	-59.753
6164.062	-59.791
6187.500	-59.828
6210.938	-59.864
6234.375	-59.901
6257.812	-59.938
6281.250	-59.973
6304.688	-60.006
6328.125	-60.042
6351.562	-60.076
6375.000	-60.104
6398.438	-60.146
6421.875	-60.200
6445.312	-60.214
6468.750	-60.248
6492.188	-60.279
6515.625	-60.314
6539.062	-60.347
6562.500	-60.381
6585.938	-60.416
6609.375	-60.449
6632.812	-60.484
6656.250	-60.515
6679.688	-60.549
6703.125	-60.582
6726.562	-60.615
6750.000	-60.645
6773.438	-60.677
6796.875	-60.709
6820.312	-60.738
6843.750	-60.772
6867.188	-60.804
6890.625	-60.834
6914.062	-60.862
6937.500	-60.909
6960.938	-60.927
6984.375	-60.957
7007.812	-60.988
7031.250	-61.018
7054.688	-61.051
7078.125	-61.077
7101.562	-61.109
7125.000	-61.138
7148.438	-61.169
7171.875	-61.196
7195.312	-61.228
7218.750	-61.257
7242.188	-61.288
7265.625	-61.313
7289.062	-61.348
7312.500	-61.370
7335.938	-61.400
7359.375	-61.432
7382.812	-61.455
7406.250	-61.485
7429.688	-61.514
7453.125	-61.541
7476.562	-61.572
7500.000	-61.602
7523.438	-61.625
7546.875	-61.653
7570.312	-61.685
7593.750	-61.712
7617.188	-61.734
7640.625	-61.766
7664.062	-61.792
7687.500	-61.813
7710.938	-61.843
7734.375	-61.869
7757.812	-61.897
7781.250	-61.913
7804.688	-61.945
7828.125	-61.974
7851.562	-62.004
7875.000	-62.030
7898.438	-62.046
7921.875	-62.083
7945.312	-62.105
7968.750	-62.132
7992.188	-62.154
8015.625	-62.186
8039.062	-62.210
8062.500	-62.234
8085.938	-62.254
8109.375	-62.277
8132.812	-62.304
8156.250	-62.336
8179.688	-62.358
8203.125	-62.374
8226.562	-62.411
8250.000	-62.430
8273.438	-62.462
8296.875	-62.482
8320.312	-62.499
8343.750	-62.527
8367.188	-62.539
8390.625	-62.572
8414.062	-62.596
8437.500	-62.622
8460.938	-62.649
8484.375	-62.675
8507.812	-62.695
8531.250	-62.702
8554.688	-62.749
8578.125	-62.764
8601.562	-62.789
8625.000	-62.808
8648.438	-62.830
8671.875	-62.851
8695.312	-62.874
8718.750	-62.900
8742.188	-62.923
8765.625	-62.968
8789.062	-62.967
8812.500	-62.990
8835.938	-63.013
8859.375	-63.039
8882.812	-63.052
8906.250	-63.080
8929.688	-63.103
8953.125	-63.121
8976.562	-63.132
9000.000	-63.164
9023.438	-63.193
9046.875	-63.206
9070.312	-63.225
9093.750	-63.255
9117.188	-63.270
9140.625	-63.292
9164.062	-63.311
9187.500	-63.336
9210.938	-63.344
9234.375	-63.375
9257.812	-63.397
9281.250	-63.420
9304.688	-63.432
9328.125	-63.452
9351.562	-63.477
9375.000	-63.499
9398.438	-63.518
9421.875	-63.542
9445.312	-63.558
9468.750	-63.572
9492.188	-63.600
9515.625	-63.627
9539.062	-63.643
9562.500	-63.653
9585.938	-63.681
9609.375	-63.700
9632.812	-63.700
9656.250	-63.739
9679.688	-63.746
9703.125	-63.783
9726.562	-63.795
9750.000	-63.809
9773.438	-63.841
9796.875	-63.857
9820.312	-63.881
9843.750	-63.896
9867.188	-63.916
9890.625	-63.940
9914.062	-63.951
9937.500	-63.970
9960.938	-63.985
9984.375	-64.004
10007.812	-64.032
10031.250	-64.064
10054.688	-64.060
10078.125	-64.084
10101.562	-64.095
10125.000	-64.119
10148.438	-64.127
10171.875	-64.155
10195.312	-64.173
10218.750	-64.189
10242.188	-64.206
10265.625	-64.222
10289.062	-64.243
10312.500	-64.253
10335.938	-64.272
10359.375	-64.300
10382.812	-64.373
10406.250	-64.331
10429.688	-64.342
10453.125	-64.333
10476.562	-64.380
10500.000	-64.407
10523.438	-64.447
10546.875	-64.452
10570.312	-64.448
10593.750	-64.470
10617.188	-64.484
10640.625	-64.507
10664.062	-64.515
10687.500	-64.537
10710.938	-64.555
10734.375	-64.568
10757.812	-64.590
10781.250	-64.596
10804.688	-64.612
10828.125	-64.638
10851.562	-64.656
10875.000	-64.671
10898.438	-64.682
10921.875	-64.699
10945.312	-64.717
10968.750	-64.724
10992.188	-64.766
11015.625	-64.766
11039.062	-64.777
11062.500	-64.798
11085.938	-64.810
11109.375	-64.841
11132.812	-64.842
11156.250	-64.870
11179.688	-64.881
11203.125	-64.892
11226.562	-64.918
11250.000	-64.928
11273.438	-64.938
11296.875	-64.956
11320.312	-64.991
11343.750	-64.982
11367.188	-65.003
11390.625	-65.058
11414.062	-65.041
11437.500	-65.061
11460.938	-65.064
11484.375	-65.071
11507.812	-65.087
11531.250	-65.107
11554.688	-65.153
11578.125	-65.147
11601.562	-65.159
11625.000	-65.172
11648.438	-65.182
11671.875	-65.202
11695.312	-65.208
11718.750	-65.201
11742.188	-65.240
11765.625	-65.260
11789.062	-65.260
11812.500	-65.283
11835.938	-65.296
11859.375	-65.313
11882.812	-65.326
11906.250	-65.322
11929.688	-65.352
11953.125	-65.361
11976.562	-65.379
12000.000	-65.400
12023.438	-65.416
12046.875	-65.439
12070.312	-65.440
12093.750	-65.441
12117.188	-65.466
12140.625	-65.483
12164.062	-65.489
12187.500	-65.499
12210.938	-65.518
12234.375	-65.539
12257.812	-65.546
12281.250	-65.565
12304.688	-65.557
12328.125	-65.594
12351.562	-65.606
12375.000	-65.621
12398.438	-65.631
12421.875	-65.640
12445.312	-65.661
12468.750	-65.667
12492.188	-65.680
12515.625	-65.695
12539.062	-65.708
12562.500	-65.725
12585.938	-65.778
12609.375	-65.759
12632.812	-65.748
12656.250	-65.773
12679.688	-65.806
12703.125	-65.776
12726.562	-65.813
12750.000	-65.824
12773.438	-65.844
12796.875	-65.852
12820.312	-65.864
12843.750	-65.905
12867.188	-65.881
12890.625	-65.892
12914.062	-65.918
12937.500	-65.925
12960.938	-65.944
12984.375	-65.951
13007.812	-65.970
13031.250	-65.963
13054.688	-65.997
13078.125	-66.002
13101.562	-66.007
13125.000	-66.022
13148.438	-66.032
13171.875	-66.060
13195.312	-66.054
13218.750	-66.061
13242.188	-66.082
13265.625	-66.092
13289.062	-66.103
13312.500	-66.119
13335.938	-66.126
13359.375	-66.149
13382.812	-66.146
13406.250	-66.164
13429.688	-66.166
13453.125	-66.183
13476.562	-66.189
13500.000	-66.201
13523.438	-66.220
13546.875	-66.231
13570.312	-66.243
13593.750	-66.254
13617.188	-66.256
13640.625	-66.268
13664.062	-66.293
13687.500	-66.297
13710.938	-66.325
13734.375	-66.328
13757.812	-66.339
13781.250	-66.342
13804.688	-66.353
13828.125	-66.377
13851.562	-66.371
13875.000	-66.386
13898.438	-66.396
13921.875	-66.412
13945.312	-66.418
13968.750	-66.435
13992.188	-66.440
14015.625	-66.426
14039.062	-66.466
14062.500	-66.470
14085.938	-66.484
14109.375	-66.471
14132.812	-66.502
14156.250	-66.515
14179.688	-66.508
14203.125	-66.544
14226.562	-66.536
14250.000	-66.551
14273.438	-66.555
14296.875	-66.572
14320.312	-66.587
14343.750	-66.600
14367.188	-66.609
14390.625	-66.617
14414.062	-66.625
14437.500	-66.650
14460.938	-66.649
14484.375	-66.662
14507.812	-66.672
14531.250	-66.685
14554.688	-66.638
14578.125	-66.794
14601.562	-66.722
14625.000	-66.719
14648.438	-66.739
14671.875	-66.732
14695.312	-66.737
14718.750	-66.748
14742.188	-66.758
14765.625	-66.777
14789.062	-66.774
14812.500	-66.791
14835.938	-66.803
14859.375	-66.797
14882.812	-66.768
14906.250	-66.836
14929.688	-66.832
14953.125	-66.850
14976.562	-66.851
15000.000	-66.870
15023.438	-66.881
15046.875	-66.881
15070.312	-66.868
15093.750	-66.910
15117.188	-66.917
15140.625	-66.923
15164.062	-66.939
15187.500	-66.943
15210.938	-66.964
15234.375	-66.960
15257.812	-66.980
15281.250	-66.977
15304.688	-66.987
15328.125	-66.994
15351.562	-67.017
15375.000	-67.010
15398.438	-67.021
15421.875	-67.040
15445.312	-67.035
15468.750	-67.063
15492.188	-67.058
15515.625	-67.062
15539.062	-67.085
15562.500	-67.085
15585.938	-67.069
15609.375	-67.105
15632.812	-67.078
15656.250	-67.115
15679.688	-67.122
15703.125	-67.136
15726.562	-67.135
15750.000	-67.138
15773.438	-67.164
15796.875	-67.164
15820.312	-67.147
15843.750	-67.179
15867.188	-67.190
15890.625	-67.196
15914.062	-67.206
15937.500	-67.207
15960.938	-67.220
15984.375	-67.232
16007.812	-67.233
16031.250	-67.249
16054.688	-67.262
16078.125	-67.267
16101.562	-67.289
16125.000	-67.335
16148.438	-67.312
16171.875	-67.284
16195.312	-67.281
16218.750	-67.323
16242.188	-67.330
16265.625	-67.316
16289.062	-67.314
16312.500	-67.350
16335.938	-67.345
16359.375	-67.392
16382.812	-67.329
16406.250	-67.350
16429.688	-67.373
16453.125	-67.396
16476.562	-67.399
16500.000	-67.340
16523.438	-67.394
16546.875	-67.410
16570.312	-67.417
16593.750	-67.418
16617.188	-67.448
16640.625	-67.466
16664.062	-67.449
16687.500	-67.426
16710.938	-67.468
16734.375	-67.455
16757.812	-67.491
16781.250	-67.491
16804.688	-67.492
16828.125	-67.595
16851.562	-67.511
16875.000	-67.522
16898.438	-67.515
16921.875	-67.529
16945.312	-67.501
16968.750	-67.534
16992.188	-67.555
17015.625	-67.557
17039.062	-67.552
17062.500	-67.560
17085.938	-67.569
17109.375	-67.571
17132.812	-67.595
17156.250	-67.589
17179.688	-67.620
17203.125	-67.617
17226.562	-67.613
17250.000	-67.620
17273.438	-67.690
17296.875	-67.637
17320.312	-67.648
17343.750	-67.652
17367.188	-67.650
17390.625	-67.679
17414.062	-67.661
17437.500	-67.696
17460.938	-67.677
17484.375	-67.695
17507.812	-67.702
17531.250	-67.710
17554.688	-67.694
17578.125	-67.590
17601.562	-67.782
17625.000	-67.717
17648.438	-67.729
17671.875	-67.838
17695.312	-67.778
17718.750	-67.737
17742.188	-67.757
17765.625	-67.757
17789.062	-67.763
17812.500	-67.800
17835.938	-67.776
17859.375	-67.774
17882.812	-67.772
17906.250	-67.934
17929.688	-67.791
17953.125	-67.816
17976.562	-67.795
18000.000	-67.801
18023.438	-67.828
18046.875	-67.823
18070.312	-67.846
18093.750	-67.855
18117.188	-67.845
18140.625	-67.870
18164.062	-67.840
18187.500	-67.846
18210.938	-67.857
18234.375	-67.860
18257.812	-67.856
18281.250	-67.885
18304.688	-67.873
18328.125	-67.886
18351.562	-67.942
18375.000	-67.922
18398.438	-67.963
18421.875	-67.923
18445.312	-67.915
18468.750	-67.920
18492.188	-67.916
18515.625	-67.930
18539.062	-67.938
18562.500	-67.948
18585.938	-67.936
18609.375	-67.958
18632.812	-67.969
18656.250	-67.986
18679.688	-67.941
18703.125	-67.971
18726.562	-67.973
18750.000	-67.987
18773.438	-67.973
18796.875	-67.993
18820.312	-68.011
18843.750	-67.997
18867.188	-67.999
18890.625	-68.016
18914.062	-68.025
18937.500	-68.052
18960.938	-68.029
18984.375	-68.011
19007.812	-68.036
19031.250	-68.073
19054.688	-68.088
19078.125	-68.055
19101.562	-68.070
19125.000	-68.050
19148.438	-68.062
19171.875	-68.086
19195.312	-68.093
19218.750	-68.101
19242.188	-68.088
19265.625	-68.081
19289.062	-68.089
19312.500	-68.090
19335.938	-68.095
19359.375	-68.104
19382.812	-68.146
19406.250	-68.085
19429.688	-68.110
19453.125	-68.131
19476.562	-68.093
19500.000	-68.127
19523.438	-68.114
19546.875	-68.141
19570.312	-68.147
19593.750	-68.180
19617.188	-68.145
19640.625	-68.171
19664.062	-68.170
19687.500	-68.145
19710.938	-68.162
19734.375	-68.196
19757.812	-68.175
19781.250	-68.176
19804.688	-68.176
19828.125	-68.190
19851.562	-68.207
19875.000	-68.040
19898.438	-68.145
19921.875	-68.209
19945.312	-68.209
19968.750	-68.215
19992.188	-68.177
20015.625	-68.273
20039.062	-68.218
20062.500	-68.275
20085.938	-68.231
20109.375	-68.229
20132.812	-68.214
20156.250	-68.242
20179.688	-68.251
20203.125	-68.246
20226.562	-68.198
20250.000	-68.221
20273.438	-68.234
20296.875	-68.260
20320.312	-68.282
20343.750	-68.247
20367.188	-68.275
20390.625	-68.272
20414.062	-68.273
20437.500	-68.287
20460.938	-68.252
20484.375	-68.315
20507.812	-68.293
20531.250	-68.282
20554.688	-68.313
20578.125	-68.338
20601.562	-68.297
20625.000	-68.254
20648.438	-68.295
20671.875	-68.315
20695.312	-68.313
20718.750	-68.315
20742.188	-68.326
20765.625	-68.323
20789.062	-68.323
20812.500	-68.306
20835.938	-68.317
20859.375	-68.320
20882.812	-68.321
20906.250	-68.324
20929.688	-68.339
20953.125	-68.350
20976.562	-68.388
21000.000	-68.394
21023.438	-68.353
21046.875	-68.355
21070.312	-68.345
21093.750	-68.364
21117.188	-68.361
21140.625	-68.380
21164.062	-68.377
21187.500	-68.370
21210.938	-68.380
21234.375	-68.373
21257.812	-68.385
21281.250	-68.381
21304.688	-68.421
21328.125	-68.391
21351.562	-68.385
21375.000	-68.349
21398.438	-68.375
21421.875	-68.388
21445.312	-68.440
21468.750	-68.401
21492.188	-68.397
21515.625	-68.409
21539.062	-68.412
21562.500	-68.175
21585.938	-68.400
21609.375	-68.410
21632.812	-68.409
21656.250	-68.404
21679.688	-68.415
21703.125	-68.427
21726.562	-68.439
21750.000	-68.434
21773.438	-68.483
21796.875	-68.401
21820.312	-68.435
21843.750	-68.434
21867.188	-68.458
21890.625	-68.430
21914.062	-68.417
21937.500	-68.437
21960.938	-68.438
21984.375	-68.451
22007.812	-68.446
22031.250	-68.448
22054.688	-68.465
22078.125	-68.447
22101.562	-68.392
22125.000	-68.459
22148.438	-68.240
22171.875	-68.463
22195.312	-68.452
22218.750	-68.518
22242.188	-68.482
22265.625	-68.464
22289.062	-68.459
22312.500	-68.482
22335.938	-68.485
22359.375	-68.469
22382.812	-68.479
22406.250	-68.467
22429.688	-68.474
22453.125	-68.476
22476.562	-68.535
22500.000	-68.466
22523.438	-68.459
22546.875	-68.508
22570.312	-68.498
22593.750	-68.480
22617.188	-68.463
22640.625	-68.505
22664.062	-68.497
22687.500	-68.434
22710.938	-68.478
22734.375	-68.481
22757.812	-68.493
22781.250	-68.483
22804.688	-68.485
22828.125	-68.506
22851.562	-68.508
22875.000	-68.496
22898.438	-68.489
22921.875	-68.499
22945.312	-68.514
22968.750	-68.505
22992.188	-68.496
23015.625	-68.516
23039.062	-68.507
23062.500	-68.507
23085.938	-68.478
23109.375	-68.489
23132.812	-68.488
23156.250	-68.511
23179.688	-68.519
23203.125	-68.502
23226.562	-68.492
23250.000	-68.518
23273.438	-68.518
23296.875	-68.487
23320.312	-68.603
23343.750	-68.502
23367.188	-68.522
23390.625	-68.495
23414.062	-68.498
23437.500	-68.524
23460.938	-68.652
23484.375	-68.546
23507.812	-68.516
23531.250	-68.518
23554.688	-68.522
23578.125	-68.501
23601.562	-68.521
23625.000	-68.525
23648.438	-68.482
23671.875	-68.493
23695.312	-68.518
23718.750	-68.533
23742.188	-68.527
23765.625	-68.518
23789.062	-68.519
23812.500	-68.506
23835.938	-68.523
23859.375	-68.550
23882.812	-68.540
23906.250	-68.522
23929.688	-68.515
23953.125	-68.531
23976.562	-68.587
24000.000	-68.523
24023.438	-68.491
24046.875	-68.497
24070.312	-68.532
24093.750	-68.523
24117.188	-68.519
24140.625	-68.522
24164.062	-68.513
24187.500	-68.391
24210.938	-68.517
24234.375	-68.527
24257.812	-68.489
24281.250	-68.521
24304.688	-68.525
24328.125	-68.512
24351.562	-68.502
24375.000	-68.514
24398.438	-68.524
24421.875	-68.512
24445.312	-68.506
24468.750	-68.513
24492.188	-68.524
24515.625	-68.529
24539.062	-68.451
24562.500	-68.514
24585.938	-68.418
24609.375	-68.519
24632.812	-68.469
24656.250	-68.489
24679.688	-68.498
24703.125	-68.510
24726.562	-68.519
24750.000	-68.490
24773.438	-68.535
24796.875	-68.502
24820.312	-68.515
24843.750	-68.510
24867.188	-68.528
24890.625	-68.517
24914.062	-68.509
24937.500	-68.503
24960.938	-68.499
24984.375	-68.499
25007.812	-68.501
25031.250	-68.507
25054.688	-68.511
25078.125	-68.488
25101.562	-68.460
25125.000	-68.503
25148.438	-68.496
25171.875	-68.495
25195.312	-68.399
25218.750	-68.505
25242.188	-68.487
25265.625	-68.769
25289.062	-68.456
25312.500	-68.499
25335.938	-68.612
25359.375	-68.496
25382.812	-68.508
25406.250	-68.472
25429.688	-68.488
25453.125	-68.529
25476.562	-68.447
25500.000	-68.476
25523.438	-68.510
25546.875	-68.477
25570.312	-68.464
25593.750	-68.493
25617.188	-68.472
25640.625	-68.468
25664.062	-68.468
25687.500	-68.423
25710.938	-68.460
25734.375	-68.461
25757.812	-68.437
25781.250	-68.541
25804.688	-68.457
25828.125	-68.449
25851.562	-68.457
25875.000	-68.451
25898.438	-68.401
25921.875	-68.438
25945.312	-68.452
25968.750	-68.453
25992.188	-68.450
26015.625	-68.448
26039.062	-68.488
26062.500	-68.437
26085.938	-68.432
26109.375	-68.452
26132.812	-68.417
26156.250	-68.417
26179.688	-68.447
26203.125	-68.465
26226.562	-68.436
26250.000	-68.429
26273.438	-68.420
26296.875	-68.406
26320.312	-68.412
26343.750	-68.427
26367.188	-68.396
26390.625	-68.428
26414.062	-68.414
26437.500	-68.410
26460.938	-68.421
26484.375	-68.404
26507.812	-68.388
26531.250	-68.418
26554.688	-68.383
26578.125	-68.411
26601.562	-68.398
26625.000	-68.388
26648.438	-68.384
26671.875	-68.358
26695.312	-68.455
26718.750	-68.377
26742.188	-68.394
26765.625	-68.439
26789.062	-68.367
26812.500	-68.369
26835.938	-68.382
26859.375	-68.368
26882.812	-68.362
26906.250	-68.366
26929.688	-68.365
26953.125	-68.344
26976.562	-68.363
27000.000	-68.440
27023.438	-68.366
27046.875	-68.362
27070.312	-68.348
27093.750	-68.355
27117.188	-68.323
27140.625	-68.339
27164.062	-68.331
27187.500	-68.249
27210.938	-68.306
27234.375	-68.310
27257.812	-68.303
27281.250	-68.314
27304.688	-68.319
27328.125	-68.326
27351.562	-68.352
27375.000	-68.298
27398.438	-68.316
27421.875	-68.307
27445.312	-68.279
27468.750	-68.267
27492.188	-68.299
27515.625	-68.300
27539.062	-68.269
27562.500	-68.280
27585.938	-68.263
27609.375	-68.231
27632.812	-68.263
27656.250	-68.268
27679.688	-68.229
27703.125	-68.242
27726.562	-68.257
27750.000	-68.233
27773.438	-68.260
27796.875	-68.218
27820.312	-68.251
27843.750	-68.216
27867.188	-68.231
27890.625	-68.226
27914.062	-68.216
27937.500	-68.226
27960.938	-68.216
27984.375	-68.241
28007.812	-68.167
28031.250	-68.216
28054.688	-68.219
28078.125	-68.193
28101.562	-68.182
28125.000	-68.212
28148.438	-68.192
28171.875	-68.192
28195.312	-68.209
28218.750	-68.183
28242.188	-68.160
28265.625	-68.195
28289.062	-68.373
28312.500	-68.170
28335.938	-68.122
28359.375	-68.100
28382.812	-68.159
28406.250	-68.129
28429.688	-68.138
28453.125	-68.110
28476.562	-68.132
28500.000	-68.152
28523.438	-68.110
28546.875	-68.114
28570.312	-68.119
28593.750	-68.115
28617.188	-68.085
28640.625	-68.105
28664.062	-68.089
28687.500	-68.262
28710.938	-68.101
28734.375	-68.113
28757.812	-68.110
28781.250	-68.072
28804.688	-68.067
28828.125	-68.083
28851.562	-68.073
28875.000	-68.055
28898.438	-68.057
28921.875	-68.047
28945.312	-68.032
28968.750	-68.056
28992.188	-68.027
29015.625	-68.254
29039.062	-68.028
29062.500	-68.028
29085.938	-68.051
29109.375	-67.990
29132.812	-68.010
29156.250	-68.012
29179.688	-67.993
29203.125	-67.986
29226.562	-67.983
29250.000	-67.984
29273.438	-67.993
29296.875	-67.990
29320.312	-67.951
29343.750	-67.960
29367.188	-67.970
29390.625	-67.954
29414.062	-67.898
29437.500	-67.914
29460.938	-67.932
29484.375	-67.929
29507.812	-67.919
29531.250	-67.900
29554.688	-67.920
29578.125	-67.941
29601.562	-67.912
29625.000	-67.906
29648.438	-67.895
29671.875	-67.961
29695.312	-67.902
29718.750	-67.884
29742.188	-67.953
29765.625	-67.830
29789.062	-67.832
29812.500	-67.890
29835.938	-67.842
29859.375	-67.860
29882.812	-67.848
29906.250	-67.856
29929.688	-67.833
29953.125	-67.898
29976.562	-67.818
30000.000	-67.807
30023.438	-67.797
30046.875	-67.818
30070.312	-67.815
30093.750	-67.769
30117.188	-67.801
30140.625	-67.925
30164.062	-67.770
30187.500	-67.779
30210.938	-67.759
30234.375	-67.766
30257.812	-67.754
30281.250	-67.765
30304.688	-67.749
30328.125	-67.736
30351.562	-67.719
30375.000	-67.722
30398.438	-67.705
30421.875	-67.704
30445.312	-67.700
30468.750	-67.696
30492.188	-67.699
30515.625	-67.724
30539.062	-67.680
30562.500	-67.688
30585.938	-67.717
30609.375	-67.660
30632.812	-67.585
30656.250	-67.639
30679.688	-67.736
30703.125	-67.664
30726.562	-67.638
30750.000	-67.598
30773.438	-67.601
30796.875	-67.599
30820.312	-67.628
30843.750	-67.527
30867.188	-67.587
30890.625	-67.622
30914.062	-67.580
30937.500	-67.582
30960.938	-67.568
30984.375	-67.589
31007.812	-67.514
31031.250	-67.527
31054.688	-67.560
31078.125	-67.520
31101.562	-67.546
31125.000	-67.507
31148.438	-67.525
31171.875	-67.441
31195.312	-67.486
31218.750	-67.468
31242.188	-67.467
31265.625	-67.467
31289.062	-67.486
31312.500	-67.519
31335.938	-67.447
31359.375	-67.459
31382.812	-67.443
31406.250	-67.411
31429.688	-67.406
31453.125	-67.396
31476.562	-67.511
31500.000	-67.412
31523.438	-67.400
31546.875	-67.333
31570.312	-67.369
31593.750	-67.381
31617.188	-67.357
31640.625	-67.375
31664.062	-67.340
31687.500	-67.332
31710.938	-67.324
31734.375	-67.353
31757.812	-67.324
31781.250	-67.309
31804.688	-67.287
31828.125	-67.321
31851.562	-67.295
31875.000	-67.297
31898.438	-67.274
31921.875	-67.281
31945.312	-67.285
31968.750	-67.224
31992.188	-67.309
32015.625	-67.233
32039.062	-67.177
32062.500	-67.195
32085.938	-67.235
32109.375	-67.205
32132.812	-67.180
32156.250	-67.202
32179.688	-67.149
32203.125	-67.210
32226.562	-67.287
32250.000	-67.119
32273.438	-67.135
32296.875	-67.148
32320.312	-67.149
32343.750	-67.117
32367.188	-67.139
32390.625	-67.155
32414.062	-67.113
32437.500	-67.092
32460.938	-67.104
32484.375	-67.064
32507.812	-67.077
32531.250	-67.010
32554.688	-66.917
32578.125	-67.015
32601.562	-67.015
32625.000	-67.002
32648.438	-66.988
32671.875	-66.982
32695.312	-66.979
32718.750	-67.026
32742.188	-66.965
32765.625	-66.974
32789.062	-67.049
32812.500	-66.929
32835.938	-66.956
32859.375	-66.931
32882.812	-66.860
32906.250	-66.903
32929.688	-66.896
32953.125	-66.894
32976.562	-66.908
33000.000	-66.851
33023.438	-66.866
33046.875	-66.628
33070.312	-66.852
33093.750	-66.807
33117.188	-66.843
33140.625	-66.797
33164.062	-66.774
33187.500	-66.771
33210.938	-66.758
33234.375	-66.799
33257.812	-66.767
33281.250	-66.757
33304.688	-66.737
33328.125	-66.758
33351.562	-66.705
33375.000	-66.703
33398.438	-66.710
33421.875	-66.672
33445.312	-66.716
33468.750	-66.678
33492.188	-66.660
33515.625	-66.662
33539.062	-66.663
33562.500	-66.667
33585.938	-66.624
33609.375	-66.624
33632.812	-66.609
33656.250	-66.574
33679.688	-66.579
33703.125	-66.594
33726.562	-66.549
33750.000	-66.589
33773.438	-66.539
33796.875	-66.530
33820.312	-66.641
33843.750	-66.508
33867.188	-66.488
33890.625	-66.486
33914.062	-66.508
33937.500	-66.535
33960.938	-66.497
33984.375	-66.377
34007.812	-66.398
34031.250	-66.440
34054.688	-66.496
34078.125	-66.422
34101.562	-66.402
34125.000	-66.426
34148.438	-66.363
34171.875	-66.357
34195.312	-66.345
34218.750	-66.302
34242.188	-66.829
34265.625	-66.336
34289.062	-66.358
34312.500	-66.315
34335.938	-66.320
34359.375	-66.225
34382.812	-66.238
34406.250	-66.221
34429.688	-66.245
34453.125	-66.251
34476.562	-66.218
34500.000	-66.550
34523.438	-66.220
34546.875	-66.207
34570.312	-66.040
34593.750	-66.131
34617.188	-66.169
34640.625	-66.132
34664.062	-66.123
34687.500	-66.121
34710.938	-66.094
34734.375	-66.071
34757.812	-66.050
34781.250	-66.067
34804.688	-66.058
34828.125	-66.077
34851.562	-65.985
34875.000	-66.025
34898.438	-66.000
34921.875	-65.968
34945.312	-66.042
34968.750	-66.019
34992.188	-65.986
35015.625	-65.925
35039.062	-65.942
35062.500	-66.160
35085.938	-65.941
35109.375	-65.923
35132.812	-66.008
35156.250	-65.879
35179.688	-65.841
35203.125	-65.827
35226.562	-65.821
35250.000	-65.816
35273.438	-65.837
35296.875	-65.793
35320.312	-65.826
35343.750	-65.765
35367.188	-65.729
35390.625	-65.738
35414.062	-65.769
35437.500	-65.730
35460.938	-65.728
35484.375	-65.689
35507.812	-65.692
35531.250	-65.668
35554.688	-65.657
35578.125	-65.641
35601.562	-65.549
35625.000	-65.629
35648.438	-65.642
35671.875	-65.593
35695.312	-65.581
35718.750	-65.667
35742.188	-65.557
35765.625	-65.527
35789.062	-65.532
35812.500	-65.465
35835.938	-65.492
35859.375	-65.748
35882.812	-65.439
35906.250	-65.437
35929.688	-65.421
35953.125	-65.418
35976.562	-65.437
36000.000	-65.399
36023.438	-65.375
36046.875	-65.350
36070.312	-65.355
36093.750	-65.339
36117.188	-65.308
36140.625	-65.304
36164.062	-65.372
36187.500	-65.293
36210.938	-65.325
36234.375	-65.236
36257.812	-65.253
36281.250	-65.244
36304.688	-65.212
36328.125	-65.176
36351.562	-65.053
36375.000	-65.169
36398.438	-65.088
36421.875	-65.136
36445.312	-65.117
36468.750	-65.103
36492.188	-65.148
36515.625	-65.079
36539.062	-65.141
36562.500	-65.056
36585.938	-65.057
36609.375	-65.005
36632.812	-65.006
36656.250	-65.001
36679.688	-65.024
36703.125	-64.967
36726.562	-65.051
36750.000	-64.951
36773.438	-64.882
36796.875	-64.901
36820.312	-64.876
36843.750	-64.828
36867.188	-64.901
36890.625	-64.829
36914.062	-64.844
36937.500	-64.765
36960.938	-64.709
36984.375	-64.770
37007.812	-64.735
37031.250	-64.767
37054.688	-64.769
37078.125	-64.704
37101.562	-64.674
37125.000	-64.656
37148.438	-64.664
37171.875	-64.644
37195.312	-64.489
37218.750	-64.623
37242.188	-64.582
37265.625	-64.559
37289.062	-64.554
37312.500	-64.517
37335.938	-64.492
37359.375	-64.487
37382.812	-64.496
37406.250	-64.440
37429.688	-64.475
37453.125	-64.390
37476.562	-64.427
37500.000	-64.396
37523.438	-64.445
37546.875	-64.380
37570.312	-64.347
37593.750	-64.332
37617.188	-64.331
37640.625	-64.377
37664.062	-64.210
37687.500	-64.264
37710.938	-64.213
37734.375	-64.218
37757.812	-64.211
37781.250	-64.191
37804.688	-64.174
37828.125	-64.165
37851.562	-64.146
37875.000	-64.151
37898.438	-64.099
37921.875	-64.068
37945.312	-64.063
37968.750	-64.045
37992.188	-64.033
38015.625	-64.010
38039.062	-63.947
38062.500	-63.974
38085.938	-63.938
38109.375	-63.982
38132.812	-63.941
38156.250	-63.879
38179.688	-63.902
38203.125	-63.702
38226.562	-63.842
38250.000	-63.829
38273.438	-63.806
38296.875	-63.785
38320.312	-63.746
38343.750	-63.728
38367.188	-63.689
38390.625	-63.707
38414.062	-63.684
38437.500	-63.669
38460.938	-63.653
38484.375	-63.625
38507.812	-63.602
38531.250	-63.698
38554.688	-63.575
38578.125	-63.533
38601.562	-63.507
38625.000	-63.499
38648.438	-63.483
38671.875	-63.455
38695.312	-63.464
38718.750	-63.434
38742.188	-63.434
38765.625	-63.357
38789.062	-63.366
38812.500	-63.339
38835.938	-63.317
38859.375	-63.334
38882.812	-63.263
38906.250	-63.270
38929.688	-63.277
38953.125	-63.207
38976.562	-63.180
39000.000	-63.172
39023.438	-63.141
39046.875	-63.127
39070.312	-63.096
39093.750	-63.083
39117.188	-63.054
39140.625	-63.035
39164.062	-63.002
39187.500	-62.978
39210.938	-62.959
39234.375	-62.941
39257.812	-62.959
39281.250	-62.890
39304.688	-62.885
39328.125	-62.855
39351.562	-62.760
39375.000	-62.820
39398.438	-62.795
39421.875	-62.651
39445.312	-62.695
39468.750	-62.713
39492.188	-62.714
39515.625	-62.671
39539.062	-62.685
39562.500	-62.628
39585.938	-62.603
39609.375	-62.571
39632.812	-62.554
39656.250	-62.525
39679.688	-62.512
39703.125	-62.452
39726.562	-62.456
39750.000	-62.444
39773.438	-62.376
39796.875	-62.370
39820.312	-62.353
39843.750	-62.308
39867.188	-62.365
39890.625	-62.283
39914.062	-62.266
39937.500	-62.259
39960.938	-62.201
39984.375	-62.187
40007.812	-62.159
40031.250	-62.141
40054.688	-62.080
40078.125	-62.090
40101.562	-62.032
40125.000	-61.973
40148.438	-62.027
40171.875	-61.998
40195.312	-61.949
40218.750	-61.929
40242.188	-61.894
40265.625	-61.911
40289.062	-61.825
40312.500	-61.810
40335.938	-61.778
40359.375	-61.811
40382.812	-61.655
40406.250	-61.710
40429.688	-61.685
40453.125	-61.653
40476.562	-61.613
40500.000	-61.595
40523.438	-61.567
40546.875	-61.663
40570.312	-61.503
40593.750	-61.491
40617.188	-61.447
40640.625	-61.390
40664.062	-61.400
40687.500	-61.398
40710.938	-61.342
40734.375	-61.319
40757.812	-61.287
40781.250	-61.252
40804.688	-61.212
40828.125	-61.182
40851.562	-61.173
40875.000	-61.115
40898.438	-61.127
40921.875	-61.089
40945.312	-61.051
40968.750	-61.025
40992.188	-60.988
41015.625	-60.952
41039.062	-60.920
41062.500	-60.887
41085.938	-60.850
41109.375	-60.801
41132.812	-60.801
41156.250	-60.764
41179.688	-60.739
41203.125	-60.734
41226.562	-60.671
41250.000	-60.645
41273.438	-60.595
41296.875	-60.584
41320.312	-60.546
41343.750	-60.511
41367.188	-60.495
41390.625	-60.406
41414.062	-60.416
41437.500	-60.381
41460.938	-60.364
41484.375	-60.313
41507.812	-60.286
41531.250	-60.254
41554.688	-60.222
41578.125	-60.237
41601.562	-60.146
41625.000	-60.102
41648.438	-60.096
41671.875	-60.037
41695.312	-60.000
41718.750	-59.986
41742.188	-59.943
41765.625	-59.903
41789.062	-59.874
41812.500	-59.824
41835.938	-59.778
41859.375	-59.746
41882.812	-59.720
41906.250	-59.691
41929.688	-59.652
41953.125	-59.606
41976.562	-59.603
42000.000	-59.533
42023.438	-59.481
42046.875	-59.505
42070.312	-59.421
42093.750	-59.420
42117.188	-59.332
42140.625	-59.295
42164.062	-59.245
42187.500	-59.224
42210.938	-59.177
42234.375	-59.122
42257.812	-59.100
42281.250	-59.092
42304.688	-59.049
42328.125	-59.004
42351.562	-58.932
42375.000	-58.903
42398.438	-58.864
42421.875	-58.830
42445.312	-58.778
42468.750	-58.716
42492.188	-58.702
42515.625	-58.664
42539.062	-58.630
42562.500	-58.561
42585.938	-58.522
42609.375	-58.480
42632.812	-58.436
42656.250	-58.394
42679.688	-58.349
42703.125	-58.325
42726.562	-58.259
42750.000	-58.207
42773.438	-58.173
42796.875	-58.120
42820.312	-58.077
42843.750	-58.025
42867.188	-57.994
42890.625	-57.954
42914.062	-57.893
42937.500	-57.852
42960.938	-57.791
42984.375	-57.718
43007.812	-57.696
43031.250	-57.658
43054.688	-57.606
43078.125	-57.553
43101.562	-57.502
43125.000	-57.391
43148.438	-57.393
43171.875	-57.339
43195.312	-57.304
43218.750	-57.238
43242.188	-57.198
43265.625	-57.126
43289.062	-57.087
43312.500	-57.032
43335.938	-56.984
43359.375	-56.923
43382.812	-56.864
43406.250	-56.828
43429.688	-56.765
43453.125	-56.730
43476.562	-56.668
43500.000	-56.601
43523.438	-56.540
43546.875	-56.469
43570.312	-56.421
43593.750	-56.361
43617.188	-56.326
43640.625	-56.249
43664.062	-56.202
43687.500	-56.194
43710.938	-56.064
43734.375	-56.018
43757.812	-55.954
43781.250	-55.897
43804.688	-55.836
43828.125	-55.758
43851.562	-55.708
43875.000	-55.626
43898.438	-55.570
43921.875	-55.520
43945.312	-55.440
43968.750	-55.380
43992.188	-55.311
44015.625	-55.255
44039.062	-55.200
44062.500	-55.112
44085.938	-55.048
44109.375	-54.966
44132.812	-54.902
44156.250	-54.836
44179.688	-54.798
44203.125	-54.690
44226.562	-54.615
44250.000	-54.555
44273.438	-54.473
44296.875	-54.390
44320.312	-54.315
44343.750	-54.238
44367.188	-54.163
44390.625	-54.084
44414.062	-54.001
44437.500	-53.926
44460.938	-53.847
44484.375	-53.764
44507.812	-53.684
44531.250	-53.558
44554.688	-53.512
44578.125	-53.417
44601.562	-53.348
44625.000	-53.261
44648.438	-53.166
44671.875	-53.083
44695.312	-53.001
44718.750	-52.872
44742.188	-52.808
44765.625	-52.716
44789.062	-52.617
44812.500	-52.526
44835.938	-52.435
44859.375	-52.327
44882.812	-52.243
44906.250	-52.107
44929.688	-52.038
44953.125	-51.935
44976.562	-51.819
45000.000	-51.729
45023.438	-51.620
45046.875	-51.508
45070.312	-51.400
45093.750	-51.296
45117.188	-51.192
45140.625	-51.070
45164.062	-50.969
45187.500	-50.787
45210.938	-50.717
45234.375	-50.599
45257.812	-50.491
45281.250	-50.353
45304.688	-50.227
45328.125	-50.100
45351.562	-49.979
45375.000	-49.839
45398.438	-49.705
45421.875	-49.596
45445.312	-49.435
45468.750	-49.291
45492.188	-49.146
45515.625	-49.021
45539.062	-48.848
45562.500	-48.703
45585.938	-48.558
45609.375	-48.399
45632.812	-48.242
45656.250	-48.083
45679.688	-47.907
45703.125	-47.751
45726.562	-47.578
45750.000	-47.407
45773.438	-47.238
45796.875	-47.047
45820.312	-46.860
45843.750	-46.676
45867.188	-46.486
45890.625	-46.287
45914.062	-46.087
45937.500	-45.881
45960.938	-45.673
45984.375	-45.458
46007.812	-45.238
46031.250	-45.011
46054.688	-44.780
46078.125	-44.544
46101.562	-44.303
46125.000	-44.052
46148.438	-43.792
46171.875	-43.533
46195.312	-43.258
46218.750	-42.977
46242.188	-42.691
46265.625	-42.413
46289.062	-42.087
46312.500	-41.767
46335.938	-41.439
46359.375	-41.100
46382.812	-40.749
46406.250	-40.383
46429.688	-40.004
46453.125	-39.607
46476.562	-39.194
46500.000	-38.763
46523.438	-38.313
46546.875	-37.839
46570.312	-37.343
46593.750	-36.819
46617.188	-36.264
46640.625	-35.676
46664.062	-35.049
46687.500	-34.379
46710.938	-33.661
46734.375	-32.881
46757.812	-32.033
46781.250	-31.101
46804.688	-30.069
46828.125	-28.910
46851.562	-27.588
46875.000	-26.040
46898.438	-24.182
46921.875	-21.848
46945.312	-18.692
46968.750	-13.773
46992.188	-1.671
47015.625	-7.629
47039.062	-15.523
47062.500	-19.540
47085.938	-22.238
47109.375	-24.262
47132.812	-25.877
47156.250	-27.215
47179.688	-28.353
47203.125	-29.339
47226.562	-30.207
47250.000	-30.979
47273.438	-31.673
47296.875	-32.300
47320.312	-32.870
47343.750	-33.394
47367.188	-33.869
47390.625	-34.309
47414.062	-34.714
47437.500	-35.089
47460.938	-35.436
47484.375	-35.759
47507.812	-36.051
47531.250	-36.334
47554.688	-36.590
47578.125	-36.829
47601.562	-37.048
47625.000	-37.250
47648.438	-37.439
47671.875	-37.611
47695.312	-37.769
47718.750	-37.915
47742.188	-38.046
47765.625	-38.165
47789.062	-38.271
47812.500	-38.364
47835.938	-38.447
47859.375	-38.519
47882.812	-38.579
47906.250	-38.628
47929.688	-38.664
47953.125	-38.691
47976.562	-38.706
