0	0
1	0.130526
2	0.258819
3	0.382683
4	0.5
5	0.608761
6	0.707107
7	0.793353
8	0.866026
9	0.92388
10	0.965926
11	0.991445
12	1
13	0.991445
14	0.965926
15	0.92388
16	0.866025
17	0.793353
18	0.707107
19	0.608761
20	0.5
21	0.382683
22	0.258819
23	0.130526
24	1.50996e-07
25	-0.130526
26	-0.258819
27	-0.382683
28	-0.5
29	-0.608761
30	-0.707107
31	-0.793353
32	-0.866025
33	-0.92388
34	-0.965926
35	-0.991445
36	-1
37	-0.991445
38	-0.965925
39	-0.923879
40	-0.866024
41	-0.793352
42	-0.707105
43	-0.608759
44	-0.499998
45	-0.382681
46	-0.258816
47	-0.130523
48	3.51271e-06
49	0.13053
50	0.258823
51	0.382687
52	0.500004
53	0.608765
54	0.70711
55	0.793356
56	0.866028
57	0.923882
58	0.965927
59	0.991446
60	1
61	0.991444
62	0.965924
63	0.923877
64	0.866022
65	0.79335
66	0.707103
67	0.608757
68	0.499996
69	0.382679
70	0.258815
71	0.130522
72	-3.83855e-06
73	-0.13053
74	-0.258822
75	-0.382686
76	-0.500002
77	-0.608763
78	-0.707108
79	-0.793355
80	-0.866026
81	-0.92388
82	-0.965926
83	-0.991445
84	-1
85	-0.991445
86	-0.965926
87	-0.92388
88	-0.866026
89	-0.793354
90	-0.707107
91	-0.608762
92	-0.500001
93	-0.382685
94	-0.258821
95	-0.130528
96	-2.51133e-06
97	0.130523
98	0.258816
99	0.38268
100	0.499997
101	0.608758
102	0.707104
103	0.793351
104	0.866023
105	0.923878
106	0.965925
107	0.991444
108	1
109	0.991446
110	0.965927
111	0.923882
112	0.866029
113	0.793358
114	0.707112
115	0.608767
116	0.500007
117	0.382691
118	0.258827
119	0.130535
120	8.86121e-06
121	-0.130517
122	-0.25881
123	-0.382675
124	-0.499991
125	-0.608753
126	-0.707099
127	-0.793347
128	-0.86602
129	-0.923875
130	-0.965923
131	-0.991443
132	-1
133	-0.991446
134	-0.965929
135	-0.923884
136	-0.866032
137	-0.793361
138	-0.707116
139	-0.608772
140	-0.500012
141	-0.382697
142	-0.258833
143	-0.130541
144	-1.52111e-05
145	0.130511
146	0.258804
147	0.382669
148	0.499986
149	0.608748
150	0.707095
151	0.793343
152	0.866017
153	0.923873
154	0.965921
155	0.991443
156	1
157	0.991447
158	0.965931
159	0.923887
160	0.866035
161	0.793365
162	0.707121
163	0.608777
164	0.500018
165	0.382703
166	0.258839
167	0.130547
168	2.1561e-05
169	-0.130505
170	-0.258798
171	-0.382663
172	-0.49998
173	-0.608743
174	-0.70709
175	-0.793339
176	-0.866014
177	-0.92387
178	-0.96592
179	-0.991442
180	-1
181	-0.991448
182	-0.965932
183	-0.923889
184	-0.866038
185	-0.793369
186	-0.707125
187	-0.608783
188	-0.500023
189	-0.382708
190	-0.258846
191	-0.130554
192	-2.79108e-05
193	0.130498
194	0.258792
195	0.382657
196	0.499975
197	0.608738
198	0.707086
199	0.793335
200	0.86601
201	0.923868
202	0.965918
203	0.991441
204	1
205	0.991449
206	0.965934
207	0.923892
208	0.866041
209	0.793373
210	0.70713
211	0.608788
212	0.500029
213	0.382714
214	0.258852
215	0.13056
216	3.42607e-05
217	-0.130492
218	-0.258785
219	-0.382651
220	-0.499969
221	-0.608733
222	-0.707081
223	-0.793331
224	-0.866007
225	-0.923865
226	-0.965916
227	-0.99144
228	-1
229	-0.99145
230	-0.965936
231	-0.923894
232	-0.866045
233	-0.793377
234	-0.707134
235	-0.608793
236	-0.500034
237	-0.38272
238	-0.258858
239	-0.130566
240	-4.06106e-05
241	0.130486
242	0.258779
243	0.382645
244	0.499964
245	0.60873
246	0.70708
247	0.793331
248	0.866008
249	0.923867
250	0.965918
251	0.991441
252	1
253	0.991448
254	0.965932
255	0.923889
256	0.866036
257	0.793366
258	0.70712
259	0.608775
260	0.500013
261	0.382696
262	0.258831
263	0.130537
264	8.81351e-06
265	-0.130519
266	-0.258814
267	-0.38268
268	-0.499998
269	-0.608761
270	-0.707108
271	-0.793355
272	-0.866028
273	-0.923882
274	-0.965928
275	-0.991446
276	-1
277	-0.991443
278	-0.965922
279	-0.923873
280	-0.866017
281	-0.793342
282	-0.707092
283	-0.608744
284	-0.499979
285	-0.38266
286	-0.258793
287	-0.130497
288	3.0613e-05
289	0.130558
290	0.258852
291	0.382716
292	0.500032
293	0.608792
294	0.707135
295	0.793379
296	0.866047
297	0.923897
298	0.965938
299	0.991451
300	1
301	0.991438
302	0.965912
303	0.923858
304	0.865997
305	0.793318
306	0.707064
307	0.608712
308	0.499945
309	0.382623
310	0.258755
311	0.130458
312	-7.00395e-05
313	-0.130597
314	-0.25889
315	-0.382753
316	-0.500066
317	-0.608824
318	-0.707163
319	-0.793403
320	-0.866067
321	-0.923912
322	-0.965948
323	-0.991456
324	-1
325	-0.991433
326	-0.965902
327	-0.923843
328	-0.865977
329	-0.793294
330	-0.707036
331	-0.608681
332	-0.499911
333	-0.382587
334	-0.258716
335	-0.130419
336	0.000109466
337	0.130636
338	0.258928
339	0.382789
340	0.5001
341	0.608855
342	0.707191
343	0.793427
344	0.866087
345	0.923927
346	0.965958
347	0.991462
348	1
349	0.991428
350	0.965892
351	0.923828
352	0.865957
353	0.79327
354	0.707008
355	0.60865
356	0.499877
357	0.38255
358	0.258678
359	0.13038
360	-0.000148892
361	-0.130675
362	-0.258966
363	-0.382826
364	-0.500135
365	-0.608886
366	-0.707219
367	-0.793451
368	-0.866106
369	-0.923942
370	-0.965969
371	-0.991467
372	-1
373	-0.991423
374	-0.965881
375	-0.923813
376	-0.865938
377	-0.793246
378	-0.706981
379	-0.608619
380	-0.499843
381	-0.382514
382	-0.25864
383	-0.130341
384	0.000188319
385	0.130715
386	0.259004
387	0.382862
388	0.500169
389	0.608917
390	0.707247
391	0.793475
392	0.866126
393	0.923957
394	0.965979
395	0.991472
396	1
397	0.991417
398	0.965871
399	0.923798
400	0.865918
401	0.793222
402	0.706953
403	0.608587
404	0.499808
405	0.382478
406	0.258602
407	0.130302
408	-0.000227745
409	-0.130754
410	-0.259042
411	-0.382898
412	-0.500203
413	-0.608949
414	-0.707275
415	-0.793499
416	-0.866146
417	-0.923972
418	-0.965989
419	-0.991477
420	-1
421	-0.991412
422	-0.965861
423	-0.923783
424	-0.865898
425	-0.793198
426	-0.706925
427	-0.608556
428	-0.499774
429	-0.382441
430	-0.258564
431	-0.130263
432	0.000267172
433	0.130793
434	0.25908
435	0.382935
436	0.500237
437	0.60898
438	0.707303
439	0.793523
440	0.866166
441	0.923987
442	0.965999
443	0.991482
444	1
445	0.991407
446	0.965851
447	0.923768
448	0.865879
449	0.793174
450	0.706897
451	0.608525
452	0.49974
453	0.382405
454	0.258526
455	0.130224
456	-0.000306598
457	-0.130832
458	-0.259118
459	-0.382971
460	-0.500271
461	-0.609011
462	-0.707331
463	-0.793547
464	-0.866185
465	-0.924002
466	-0.966009
467	-0.991487
468	-1
469	-0.991402
470	-0.96584
471	-0.923753
472	-0.865859
473	-0.79315
474	-0.706869
475	-0.608493
476	-0.499706
477	-0.382368
478	-0.258488
479	-0.130185
480	0.000346025
481	0.130871
482	0.259156
483	0.383008
484	0.500305
485	0.609042
486	0.707358
487	0.793571
488	0.866205
489	0.924016
490	0.966018
491	0.991491
492	1
493	0.991399
494	0.965836
495	0.923748
496	0.865854
497	0.793147
498	0.706868
499	0.608495
500	0.499711
501	0.382378
502	0.258501
503	0.130202
504	-0.000324416
505	-0.130846
506	-0.259128
507	-0.382977
508	-0.500273
509	-0.60901
510	-0.707327
511	-0.793542
