0	-38.7141
23.4375	-41.2465
46.875	-49.5619
70.3125	-41.755
93.75	-38.6281
117.188	-40.6103
140.625	-49.1078
164.062	-42.1359
187.5	-38.3666
210.938	-39.8392
234.375	-48.2475
257.812	-42.379
281.25	-37.9161
304.688	-38.9149
328.125	-47.0426
351.562	-42.4638
375	-37.2529
398.438	-37.808
421.875	-45.5386
445.312	-42.3517
468.75	-36.3347
492.188	-36.4679
515.625	-43.7339
539.062	-41.9775
562.5	-35.0907
585.938	-34.8109
609.375	-41.5705
632.812	-41.2232
656.25	-33.3921
679.688	-32.6832
703.125	-38.8859
726.562	-39.8626
750	-30.981
773.438	-29.7667
796.875	-35.2981
820.312	-37.3774
843.75	-27.2159
867.188	-25.209
890.625	-29.6431
914.062	-32.0656
937.5	-19.5414
960.938	-14.6536
984.375	-12.4837
1007.81	-12.2172
1031.25	-13.7718
1054.69	-17.64
1078.12	-26.2167
1101.56	-35.3268
1125	-26.0403
1148.44	-26.3737
1171.88	-32.8411
1195.31	-41.6206
1218.75	-31.1026
1242.19	-30.6803
1265.62	-36.4137
1289.06	-45.3945
1312.5	-34.3804
1335.94	-33.5724
1359.38	-38.847
1382.81	-47.9584
1406.25	-36.8189
1429.69	-35.7558
1453.12	-40.6814
1476.56	-49.7733
1500	-38.7646
1523.44	-37.5121
1546.88	-42.1495
1570.31	-51.0875
1593.75	-40.3832
1617.19	-38.9816
1640.62	-43.3696
1664.06	-52.0606
1687.5	-41.7686
1710.94	-40.2457
1734.38	-44.4128
1757.81	-52.8017
1781.25	-42.9778
1804.69	-41.3544
1828.12	-45.3224
1851.56	-53.3845
1875	-44.05
1898.44	-42.3422
1921.88	-46.1291
1945.31	-53.8587
1968.75	-45.0113
1992.19	-43.2324
2015.62	-46.8531
2039.06	-54.2571
2062.5	-45.8821
2085.94	-44.0432
2109.38	-47.5102
2132.81	-54.6017
2156.25	-46.6766
2179.69	-44.7866
2203.12	-48.1114
2226.56	-54.9077
2250	-47.4067
2273.44	-45.4738
2296.88	-48.6657
2320.31	-55.1846
2343.75	-48.081
2367.19	-46.1119
2390.62	-49.1801
2414.06	-55.4401
2437.5	-48.7073
2460.94	-46.7079
2484.38	-49.66
2507.81	-55.6779
2531.25	-49.2912
2554.69	-47.2666
2578.12	-50.1096
2601.56	-55.9028
2625	-49.8379
2648.44	-47.7926
2671.88	-50.5328
2695.31	-56.1165
2718.75	-50.3513
2742.19	-48.2892
2765.62	-50.9325
2789.06	-56.3213
2812.5	-50.835
2835.94	-48.7596
2859.38	-51.3113
2882.81	-56.5179
2906.25	-51.292
2929.69	-49.2064
2953.12	-51.6713
2976.56	-56.7081
3000	-51.7251
3023.44	-49.6317
3046.88	-52.0143
3070.31	-56.8922
3093.75	-52.1362
3117.19	-50.0376
3140.62	-52.342
3164.06	-57.0711
3187.5	-52.5275
3210.94	-50.4256
3234.38	-52.6553
3257.81	-57.245
3281.25	-52.9004
3304.69	-50.7972
3328.12	-52.9561
3351.56	-57.4148
3375	-53.2567
3398.44	-51.1536
3421.88	-53.2452
3445.31	-57.5803
3468.75	-53.5976
3492.19	-51.4962
3515.62	-53.5231
3539.06	-57.7422
3562.5	-53.9245
3585.94	-51.826
3609.38	-53.7909
3632.81	-57.9002
3656.25	-54.2381
3679.69	-52.1437
3703.12	-54.0494
3726.56	-58.0551
3750	-54.5397
3773.44	-52.4502
3796.88	-54.2989
3820.31	-58.2073
3843.75	-54.8297
3867.19	-52.7459
3890.62	-54.5407
3914.06	-58.3554
3937.5	-55.1092
3960.94	-53.0321
3984.38	-54.7747
4007.81	-58.5011
4031.25	-55.3791
4054.69	-53.3091
4078.12	-55.0015
4101.56	-58.6447
4125	-55.6394
4148.44	-53.5773
4171.88	-55.2216
4195.31	-58.7846
4218.75	-55.8913
4242.19	-53.8378
4265.62	-55.4354
4289.06	-58.9223
4312.5	-56.135
4335.94	-54.0898
4359.38	-55.6428
4382.81	-59.0574
4406.25	-56.371
4429.69	-54.3348
4453.12	-55.8443
4476.56	-59.1904
4500	-56.5997
4523.44	-54.573
4546.88	-56.0413
4570.31	-59.321
4593.75	-56.8224
4617.19	-54.805
4640.62	-56.233
4664.06	-59.4491
4687.5	-57.0375
4710.94	-55.0304
4734.38	-56.4195
4757.81	-59.5758
4781.25	-57.247
4804.69	-55.2498
4828.12	-56.602
4851.56	-59.6996
4875	-57.4501
4898.44	-55.4641
4921.88	-56.7797
4945.31	-59.8213
4968.75	-57.6485
4992.19	-55.6725
5015.62	-56.9531
5039.06	-59.9414
5062.5	-57.8415
5085.94	-55.8763
5109.38	-57.1226
5132.81	-60.0591
5156.25	-58.0305
5179.69	-56.0745
5203.12	-57.2872
5226.56	-60.176
5250	-58.214
5273.44	-56.2679
5296.88	-57.4503
5320.31	-60.2906
5343.75	-58.3919
5367.19	-56.458
5390.62	-57.609
5414.06	-60.4032
5437.5	-58.5664
5460.94	-56.6429
5484.38	-57.7637
5507.81	-60.5142
5531.25	-58.7363
5554.69	-56.8247
5578.12	-57.9156
5601.56	-60.6235
5625	-58.9024
5648.44	-57.0017
5671.88	-58.0643
5695.31	-60.731
5718.75	-59.0656
5742.19	-57.1745
5765.62	-58.2098
5789.06	-60.8374
5812.5	-59.2244
5835.94	-57.3445
5859.38	-58.353
5882.81	-60.9411
5906.25	-59.3799
5929.69	-57.5106
5953.12	-58.4927
5976.56	-61.0443
6000	-59.5319
6023.44	-57.6734
6046.88	-58.6302
6070.31	-61.1458
6093.75	-59.6804
6117.19	-57.8331
6140.62	-58.7651
6164.06	-61.2451
6187.5	-59.8269
6210.94	-57.9891
6234.38	-58.8974
6257.81	-61.3441
6281.25	-59.9698
6304.69	-58.1423
6328.12	-59.0268
6351.56	-61.4387
6375	-60.1079
6398.44	-58.2928
6421.88	-59.1549
6445.31	-61.5365
6468.75	-60.2467
6492.19	-58.4423
6515.62	-59.2794
6539.06	-61.6319
6562.5	-60.3811
6585.94	-58.5851
6609.38	-59.4027
6632.81	-61.7245
6656.25	-60.5129
6679.69	-58.7273
6703.12	-59.5234
6726.56	-61.8148
6750	-60.6446
6773.44	-58.8668
6796.88	-59.6429
6820.31	-61.9072
6843.75	-60.7692
6867.19	-59.0034
6890.62	-59.7584
6914.06	-61.996
6937.5	-60.8983
6960.94	-59.1386
6984.38	-59.8735
7007.81	-62.0843
7031.25	-61.0166
7054.69	-59.27
7078.12	-59.9865
7101.56	-62.1719
7125	-61.1358
7148.44	-59.4002
7171.88	-60.0975
7195.31	-62.257
7218.75	-61.2546
7242.19	-59.529
7265.62	-60.2067
7289.06	-62.3439
7312.5	-61.3706
7335.94	-59.6539
7359.38	-60.314
7382.81	-62.4249
7406.25	-61.4846
7429.69	-59.7775
7453.12	-60.4193
7476.56	-62.5057
7500	-61.5955
7523.44	-59.8993
7546.88	-60.5226
7570.31	-62.5883
7593.75	-61.707
7617.19	-60.0187
7640.62	-60.6257
7664.06	-62.6688
7687.5	-61.8151
7710.94	-60.1363
7734.38	-60.7273
7757.81	-62.748
7781.25	-61.922
7804.69	-60.2528
7828.12	-60.8263
7851.56	-62.8267
7875	-62.0258
7898.44	-60.3661
7921.88	-60.9247
7945.31	-62.9034
7968.75	-62.1296
7992.19	-60.4774
8015.62	-61.02
8039.06	-62.9799
8062.5	-62.2306
8085.94	-60.5866
8109.38	-61.1176
8132.81	-63.055
8156.25	-62.3306
8179.69	-60.697
8203.12	-61.2098
8226.56	-63.1289
8250	-62.4294
8273.44	-60.8044
8296.88	-61.2995
8320.31	-63.2019
8343.75	-62.5261
8367.19	-60.9092
8390.62	-61.3925
8414.06	-63.2736
8437.5	-62.62
8460.94	-61.0138
8484.38	-61.4811
8507.81	-63.3466
8531.25	-62.7152
8554.69	-61.1149
8578.12	-61.5722
8601.56	-63.4169
8625	-62.8064
8648.44	-61.2168
8671.88	-61.6574
8695.31	-63.4868
8718.75	-62.8972
8742.19	-61.3167
8765.62	-61.7408
8789.06	-63.5558
8812.5	-62.9881
8835.94	-61.4146
8859.38	-61.8272
8882.81	-63.6234
8906.25	-63.0748
8929.69	-61.51
8953.12	-61.9107
8976.56	-63.6907
9000	-63.1638
9023.44	-61.6099
9046.88	-61.9937
9070.31	-63.7561
9093.75	-63.2493
9117.19	-61.6993
9140.62	-62.0742
9164.06	-63.8236
9187.5	-63.3316
9210.94	-61.7918
9234.38	-62.1548
9257.81	-63.8856
9281.25	-63.4163
9304.69	-61.8845
9328.12	-62.2333
9351.56	-63.9525
9375	-63.4983
9398.44	-61.9725
9421.88	-62.3113
9445.31	-64.0138
9468.75	-63.5792
9492.19	-62.0618
9515.62	-62.3861
9539.06	-64.0757
9562.5	-63.6605
9585.94	-62.1483
9609.38	-62.4648
9632.81	-64.1356
9656.25	-63.7379
9679.69	-62.235
9703.12	-62.54
9726.56	-64.2011
9750	-63.816
9773.44	-62.3217
9796.88	-62.6141
9820.31	-64.2577
9843.75	-63.8922
9867.19	-62.4068
9890.62	-62.6855
9914.06	-64.3175
9937.5	-63.9688
9960.94	-62.4875
9984.38	-62.7601
10007.8	-64.3772
10031.2	-64.0409
10054.7	-62.5686
10078.1	-62.8289
10101.6	-64.4343
10125	-64.117
10148.4	-62.6509
10171.9	-62.8989
10195.3	-64.4915
10218.8	-64.1881
10242.2	-62.7292
10265.6	-62.9674
10289.1	-64.5478
10312.5	-64.2612
10335.9	-62.8098
10359.4	-63.0354
10382.8	-64.6027
10406.2	-64.3291
10429.7	-62.8855
10453.1	-63.1037
10476.6	-64.6587
10500	-64.401
10523.4	-62.9652
10546.9	-63.1722
10570.3	-64.7103
10593.8	-64.4683
10617.2	-63.0375
10640.6	-63.2343
10664.1	-64.7631
10687.5	-64.5344
10710.9	-63.1129
10734.4	-63.2997
10757.8	-64.8205
10781.2	-64.5975
10804.7	-63.1855
10828.1	-63.3644
10851.6	-64.8739
10875	-64.6699
10898.4	-63.2587
10921.9	-63.4266
10945.3	-64.9245
10968.8	-64.7297
10992.2	-63.3312
11015.6	-63.4895
11039.1	-64.9769
11062.5	-64.7979
11085.9	-63.4032
11109.4	-63.551
11132.8	-65.0184
11156.2	-64.8624
11179.7	-63.4711
11203.1	-63.6108
11226.6	-65.0758
11250	-64.9235
11273.4	-63.5429
11296.9	-63.6714
11320.3	-65.126
11343.8	-64.986
11367.2	-63.61
11390.6	-63.7321
11414.1	-65.171
11437.5	-65.0522
11460.9	-63.6765
11484.4	-63.7941
11507.8	-65.2244
11531.2	-65.106
11554.7	-63.7433
11578.1	-63.8468
11601.6	-65.2702
11625	-65.1666
11648.4	-63.8088
11671.9	-63.9069
11695.3	-65.319
11718.8	-65.2218
11742.2	-63.8741
11765.6	-63.9625
11789.1	-65.3639
11812.5	-65.2824
11835.9	-63.9392
11859.4	-64.0169
11882.8	-65.4107
11906.2	-65.3351
11929.7	-64
11953.1	-64.0737
11976.6	-65.4549
12000	-65.398
12023.4	-64.0651
12046.9	-64.127
12070.3	-65.5036
12093.8	-65.4526
12117.2	-64.1259
12140.6	-64.18
12164.1	-65.5439
12187.5	-65.5082
12210.9	-64.1866
12234.4	-64.2327
12257.8	-65.5921
12281.2	-65.5594
12304.7	-64.2453
12328.1	-64.2855
12351.6	-65.6308
12375	-65.6152
12398.4	-64.3067
12421.9	-64.3392
12445.3	-65.6732
12468.8	-65.6579
12492.2	-64.3652
12515.6	-64.3905
12539.1	-65.7161
12562.5	-65.7216
12585.9	-64.4233
12609.4	-64.4394
12632.8	-65.763
12656.2	-65.774
12679.7	-64.4833
12703.1	-64.4877
12726.6	-65.8006
12750	-65.8235
12773.4	-64.5368
12796.9	-64.5373
12820.3	-65.8386
12843.8	-65.8735
12867.2	-64.5875
12890.6	-64.5865
12914.1	-65.8793
12937.5	-65.9224
12960.9	-64.6459
12984.4	-64.6343
13007.8	-65.9191
13031.2	-65.9706
13054.7	-64.7015
13078.1	-64.6806
13101.6	-65.9576
13125	-66.0194
13148.4	-64.7559
13171.9	-64.7285
13195.3	-65.9961
13218.8	-66.0695
13242.2	-64.811
13265.6	-64.7727
13289.1	-66.0358
13312.5	-66.115
13335.9	-64.8629
13359.4	-64.8214
13382.8	-66.0717
13406.2	-66.1632
13429.7	-64.9156
13453.1	-64.8642
13476.6	-66.1081
13500	-66.2072
13523.4	-64.9675
13546.9	-64.909
13570.3	-66.1451
13593.8	-66.2549
13617.2	-65.0147
13640.6	-64.9527
13664.1	-66.1815
13687.5	-66.2975
13710.9	-65.0547
13734.4	-64.9964
13757.8	-66.2161
13781.2	-66.3438
13804.7	-65.121
13828.1	-65.0409
13851.6	-66.2524
13875	-66.3867
13898.4	-65.1686
13921.9	-65.0808
13945.3	-66.2883
13968.8	-66.4315
13992.2	-65.2161
14015.6	-65.1231
14039.1	-66.3225
14062.5	-66.4712
14085.9	-65.2642
14109.4	-65.1647
14132.8	-66.3545
14156.2	-66.5137
14179.7	-65.3103
14203.1	-65.2048
14226.6	-66.3887
14250	-66.5539
14273.4	-65.359
14296.9	-65.2467
14320.3	-66.422
14343.8	-66.5971
14367.2	-65.402
14390.6	-65.2843
14414.1	-66.4518
14437.5	-66.6367
14460.9	-65.4477
14484.4	-65.3253
14507.8	-66.4813
14531.2	-66.6756
14554.7	-65.4925
14578.1	-65.3635
14601.6	-66.5167
14625	-66.7202
14648.4	-65.5385
14671.9	-65.4007
14695.3	-66.5508
14718.8	-66.7514
14742.2	-65.5819
14765.6	-65.4371
14789.1	-66.5791
14812.5	-66.7899
14835.9	-65.625
14859.4	-65.4754
14882.8	-66.6104
14906.2	-66.8309
14929.7	-65.6661
14953.1	-65.5125
14976.6	-66.642
15000	-66.8679
15023.4	-65.7103
15046.9	-65.5498
15070.3	-66.6705
15093.8	-66.9048
15117.2	-65.7539
15140.6	-65.5829
15164.1	-66.6997
15187.5	-66.9383
15210.9	-65.783
15234.4	-65.6192
15257.8	-66.7257
15281.2	-66.977
15304.7	-65.8317
15328.1	-65.6537
15351.6	-66.7536
15375	-67.0087
15398.4	-65.8718
15421.9	-65.6883
15445.3	-66.7799
15468.8	-67.0497
15492.2	-65.9136
15515.6	-65.7221
15539.1	-66.8091
15562.5	-67.0803
15585.9	-65.9529
15609.4	-65.7545
15632.8	-66.8349
15656.2	-67.1117
15679.7	-65.9911
15703.1	-65.7876
15726.6	-66.8599
15750	-67.1477
15773.4	-66.027
15796.9	-65.8191
15820.3	-66.8894
15843.8	-67.1786
15867.2	-66.0683
15890.6	-65.852
15914.1	-66.916
15937.5	-67.2106
15960.9	-66.1052
15984.4	-65.8869
16007.8	-66.9355
16031.2	-67.2451
16054.7	-66.1398
16078.1	-65.9124
16101.6	-66.9653
16125	-67.2732
16148.4	-66.1734
16171.9	-65.9433
16195.3	-66.9888
16218.8	-67.3071
16242.2	-66.2129
16265.6	-65.9768
16289.1	-67.0121
16312.5	-67.3366
16335.9	-66.2461
16359.4	-66.0005
16382.8	-67.0351
16406.2	-67.3619
16429.7	-66.2829
16453.1	-66.0299
16476.6	-67.0471
16500	-67.3946
16523.4	-66.3192
16546.9	-66.0628
16570.3	-67.0848
16593.8	-67.4256
16617.2	-66.3507
16640.6	-66.0914
16664.1	-67.1116
16687.5	-67.4536
16710.9	-66.3864
16734.4	-66.1243
16757.8	-67.1284
16781.2	-67.4831
16804.7	-66.4196
16828.1	-66.1489
16851.6	-67.1456
16875	-67.5103
16898.4	-66.4501
16921.9	-66.1781
16945.3	-67.1696
16968.8	-67.5355
16992.2	-66.4803
17015.6	-66.2029
17039.1	-67.193
17062.5	-67.56
17085.9	-66.5129
17109.4	-66.2254
17132.8	-67.2142
17156.2	-67.5986
17179.7	-66.543
17203.1	-66.2513
17226.6	-67.2318
17250	-67.6148
17273.4	-66.5806
17296.9	-66.2787
17320.3	-67.2426
17343.8	-67.6467
17367.2	-66.6026
17390.6	-66.3029
17414.1	-67.277
17437.5	-67.6693
17460.9	-66.6354
17484.4	-66.3277
17507.8	-67.2894
17531.2	-67.6979
17554.7	-66.6643
17578.1	-66.3519
17601.6	-67.3141
17625	-67.7161
17648.4	-66.6942
17671.9	-66.3722
17695.3	-67.3266
17718.8	-67.7462
17742.2	-66.7228
17765.6	-66.3952
17789.1	-67.3463
17812.5	-67.7649
17835.9	-66.7478
17859.4	-66.4246
17882.8	-67.3634
17906.2	-67.7941
17929.7	-66.7821
17953.1	-66.4425
17976.6	-67.3779
18000	-67.8131
18023.4	-66.806
18046.9	-66.4696
18070.3	-67.4003
18093.8	-67.8357
18117.2	-66.8342
18140.6	-66.4898
18164.1	-67.4164
18187.5	-67.8582
18210.9	-66.8643
18234.4	-66.515
18257.8	-67.4173
18281.2	-67.8805
18304.7	-66.8866
18328.1	-66.5309
18351.6	-67.4483
18375	-67.8991
18398.4	-66.9242
18421.9	-66.5521
18445.3	-67.4647
18468.8	-67.9237
18492.2	-66.9376
18515.6	-66.5729
18539.1	-67.4789
18562.5	-67.9414
18585.9	-66.9586
18609.4	-66.5904
18632.8	-67.4901
18656.2	-67.967
18679.7	-66.9797
18703.1	-66.615
18726.6	-67.5081
18750	-67.9842
18773.4	-67.008
18796.9	-66.6333
18820.3	-67.532
18843.8	-68.0032
18867.2	-67.029
18890.6	-66.6521
18914.1	-67.5353
18937.5	-68.0221
18960.9	-67.0582
18984.4	-66.6737
19007.8	-67.5502
19031.2	-68.0368
19054.7	-67.0828
19078.1	-66.6888
19101.6	-67.565
19125	-68.0557
19148.4	-67.1051
19171.9	-66.6935
19195.3	-67.5803
19218.8	-68.0754
19242.2	-67.126
19265.6	-66.7228
19289.1	-67.5884
19312.5	-68.1099
19335.9	-67.1453
19359.4	-66.7469
19382.8	-67.5959
19406.2	-68.1129
19429.7	-67.1698
19453.1	-66.758
19476.6	-67.6
19500	-68.1221
19523.4	-67.2044
19546.9	-66.7757
19570.3	-67.6211
19593.8	-68.1434
19617.2	-67.2092
19640.6	-66.7888
19664.1	-67.6319
19687.5	-68.1622
19710.9	-67.2266
19734.4	-66.8013
19757.8	-67.6394
19781.2	-68.1728
19804.7	-67.2504
19828.1	-66.811
19851.6	-67.6409
19875	-68.1697
19898.4	-67.2657
19921.9	-66.8351
19945.3	-67.6641
19968.8	-68.2107
19992.2	-67.2921
20015.6	-66.8505
20039.1	-67.6731
20062.5	-68.2185
20085.9	-67.3054
20109.4	-66.8623
20132.8	-67.6864
20156.2	-68.2365
20179.7	-67.3234
20203.1	-66.8791
20226.6	-67.717
20250	-68.2438
20273.4	-67.3435
20296.9	-66.8896
20320.3	-67.7032
20343.8	-68.2608
20367.2	-67.3581
20390.6	-66.9064
20414.1	-67.7121
20437.5	-68.2751
20460.9	-67.3778
20484.4	-66.9182
20507.8	-67.7097
20531.2	-68.2932
20554.7	-67.3934
20578.1	-66.9152
20601.6	-67.7223
20625	-68.3007
20648.4	-67.4153
20671.9	-66.9397
20695.3	-67.7336
20718.8	-68.3138
20742.2	-67.4285
20765.6	-66.9555
20789.1	-67.7371
20812.5	-68.3235
20835.9	-67.4456
20859.4	-66.9662
20882.8	-67.7554
20906.2	-68.3328
20929.7	-67.47
20953.1	-66.9752
20976.6	-67.75
21000	-68.3462
21023.4	-67.4739
21046.9	-66.9896
21070.3	-67.7574
21093.8	-68.3573
21117.2	-67.4909
21140.6	-66.9853
21164.1	-67.7677
21187.5	-68.3691
21210.9	-67.5078
21234.4	-67.0047
21257.8	-67.7681
21281.2	-68.3775
21304.7	-67.5184
21328.1	-67.0133
21351.6	-67.7764
21375	-68.3878
21398.4	-67.5314
21421.9	-67.0265
21445.3	-67.786
21468.8	-68.3983
21492.2	-67.5474
21515.6	-67.0286
21539.1	-67.7841
21562.5	-68.4083
21585.9	-67.5606
21609.4	-67.0434
21632.8	-67.7924
21656.2	-68.4109
21679.7	-67.5527
21703.1	-67.0477
21726.6	-67.7929
21750	-68.4235
21773.4	-67.5884
21796.9	-67.0628
21820.3	-67.7974
21843.8	-68.4401
21867.2	-67.6005
21890.6	-67.0689
21914.1	-67.8025
21937.5	-68.4477
21960.9	-67.607
21984.4	-67.0701
22007.8	-67.796
22031.2	-68.4448
22054.7	-67.6225
22078.1	-67.0814
22101.6	-67.8026
22125	-68.4535
22148.4	-67.6034
22171.9	-67.0855
22195.3	-67.8053
22218.8	-68.4531
22242.2	-67.6421
22265.6	-67.0926
22289.1	-67.8037
22312.5	-68.4689
22335.9	-67.6574
22359.4	-67.1018
22382.8	-67.8071
22406.2	-68.4719
22429.7	-67.6634
22453.1	-67.1083
22476.6	-67.8125
22500	-68.4766
22523.4	-67.6724
22546.9	-67.1119
22570.3	-67.8153
22593.8	-68.485
22617.2	-67.6827
22640.6	-67.1137
22664.1	-67.8101
22687.5	-68.4896
22710.9	-67.6804
22734.4	-67.1202
22757.8	-67.812
22781.2	-68.4917
22804.7	-67.7008
22828.1	-67.1239
22851.6	-67.814
22875	-68.4905
22898.4	-67.7054
22921.9	-67.1301
22945.3	-67.8121
22968.8	-68.4992
22992.2	-67.72
23015.6	-67.1302
23039.1	-67.8129
23062.5	-68.5016
23085.9	-67.7578
23109.4	-67.1382
23132.8	-67.8087
23156.2	-68.5068
23179.7	-67.7311
23203.1	-67.1402
23226.6	-67.8065
23250	-68.5088
23273.4	-67.736
23296.9	-67.1432
23320.3	-67.8059
23343.8	-68.5081
23367.2	-67.7462
23390.6	-67.147
23414.1	-67.8043
23437.5	-68.5244
23460.9	-67.7556
23484.4	-67.1471
23507.8	-67.7997
23531.2	-68.5124
23554.7	-67.7579
23578.1	-67.1468
23601.6	-67.7983
23625	-68.5174
23648.4	-67.7659
23671.9	-67.1508
23695.3	-67.7972
23718.8	-68.5192
23742.2	-67.7742
23765.6	-67.1507
23789.1	-67.7951
23812.5	-68.516
23835.9	-67.7747
23859.4	-67.1462
23882.8	-67.7825
23906.2	-68.5199
23929.7	-67.777
23953.1	-67.1518
23976.6	-67.7819
24000	-68.5207
24023.4	-67.7802
24046.9	-67.1516
24070.3	-67.7811
24093.8	-68.5197
24117.2	-67.7871
24140.6	-67.151
24164.1	-67.7744
24187.5	-68.5223
24210.9	-67.7945
24234.4	-67.1506
24257.8	-67.7764
24281.2	-68.5141
24304.7	-67.7987
24328.1	-67.1503
24351.6	-67.7626
24375	-68.5187
24398.4	-67.796
24421.9	-67.1515
24445.3	-67.7558
24468.8	-68.5142
24492.2	-67.8011
24515.6	-67.1485
24539.1	-67.7521
24562.5	-68.5106
24585.9	-67.807
24609.4	-67.1393
24632.8	-67.7723
24656.2	-68.5187
24679.7	-67.8023
24703.1	-67.1407
24726.6	-67.7374
24750	-68.5073
24773.4	-67.8057
24796.9	-67.1414
24820.3	-67.7306
24843.8	-68.5038
24867.2	-67.8087
24890.6	-67.1341
24914.1	-67.7244
24937.5	-68.5054
24960.9	-67.811
24984.4	-67.1101
25007.8	-67.718
25031.2	-68.5027
25054.7	-67.8139
25078.1	-67.1332
25101.6	-67.7013
25125	-68.4973
25148.4	-67.8115
25171.9	-67.1234
25195.3	-67.6994
25218.8	-68.4978
25242.2	-67.8147
25265.6	-67.121
25289.1	-67.7011
25312.5	-68.4839
25335.9	-67.8459
25359.4	-67.1121
25382.8	-67.6845
25406.2	-68.4835
25429.7	-67.808
25453.1	-67.1104
25476.6	-67.6792
25500	-68.4778
25523.4	-67.8335
25546.9	-67.1088
25570.3	-67.6631
25593.8	-68.4699
25617.2	-67.8064
25640.6	-67.1037
25664.1	-67.6469
25687.5	-68.4672
25710.9	-67.809
25734.4	-67.0985
25757.8	-67.6438
25781.2	-68.4612
25804.7	-67.7938
25828.1	-67.1006
25851.6	-67.6267
25875	-68.4563
25898.4	-67.807
25921.9	-67.0825
25945.3	-67.6194
25968.8	-68.445
25992.2	-67.8023
26015.6	-67.074
26039.1	-67.5962
26062.5	-68.4344
26085.9	-67.8016
26109.4	-67.0666
26132.8	-67.5979
26156.2	-68.4315
26179.7	-67.7938
26203.1	-67.0592
26226.6	-67.5834
26250	-68.4238
26273.4	-67.7965
26296.9	-67.0499
26320.3	-67.5739
26343.8	-68.4162
26367.2	-67.7869
26390.6	-67.0462
26414.1	-67.561
26437.5	-68.4179
26460.9	-67.7862
26484.4	-67.0356
26507.8	-67.5472
26531.2	-68.4033
26554.7	-67.781
26578.1	-67.0304
26601.6	-67.5331
26625	-68.3914
26648.4	-67.774
26671.9	-67.0213
26695.3	-67.5116
26718.8	-68.3808
26742.2	-67.7781
26765.6	-67.0136
26789.1	-67.5071
26812.5	-68.3739
26835.9	-67.766
26859.4	-66.9924
26882.8	-67.4885
26906.2	-68.3574
26929.7	-67.7581
26953.1	-66.9868
26976.6	-67.475
27000	-68.3464
27023.4	-67.7543
27046.9	-66.9761
27070.3	-67.4596
27093.8	-68.3411
27117.2	-67.7433
27140.6	-66.9641
27164.1	-67.4449
27187.5	-68.3233
27210.9	-67.7373
27234.4	-66.9564
27257.8	-67.4317
27281.2	-68.3133
27304.7	-67.7315
27328.1	-66.9372
27351.6	-67.4102
27375	-68.3043
27398.4	-67.7266
27421.9	-66.9314
27445.3	-67.3964
27468.8	-68.2884
27492.2	-67.7103
27515.6	-66.9174
27539.1	-67.3783
27562.5	-68.281
27585.9	-67.7077
27609.4	-66.9043
27632.8	-67.3636
27656.2	-68.2556
27679.7	-67.7018
27703.1	-66.8905
27726.6	-67.3449
27750	-68.2488
27773.4	-67.677
27796.9	-66.8752
27820.3	-67.3215
27843.8	-68.227
27867.2	-67.6885
27890.6	-66.8623
27914.1	-67.3067
27937.5	-68.2209
27960.9	-67.6762
27984.4	-66.8472
28007.8	-67.2886
28031.2	-68.2059
28054.7	-67.6489
28078.1	-66.8383
28101.6	-67.2673
28125	-68.1908
28148.4	-67.6544
28171.9	-66.8228
28195.3	-67.2481
28218.8	-68.1738
28242.2	-67.6441
28265.6	-66.8087
28289.1	-67.2347
28312.5	-68.1666
28335.9	-67.6306
28359.4	-66.7904
28382.8	-67.2076
28406.2	-68.1432
28429.7	-67.6241
28453.1	-66.771
28476.6	-67.1942
28500	-68.1291
28523.4	-67.6106
28546.9	-66.7605
28570.3	-67.1716
28593.8	-68.1109
28617.2	-67.5927
28640.6	-66.746
28664.1	-67.146
28687.5	-68.0885
28710.9	-67.5894
28734.4	-66.723
28757.8	-67.1163
28781.2	-68.0762
28804.7	-67.5727
28828.1	-66.7079
28851.6	-67.1105
28875	-68.0537
28898.4	-67.564
28921.9	-66.6899
28945.3	-67.0812
28968.8	-68.0396
28992.2	-67.5439
29015.6	-66.6719
29039.1	-67.0576
29062.5	-68.0272
29085.9	-67.541
29109.4	-66.6509
29132.8	-67.0339
29156.2	-68.0033
29179.7	-67.5244
29203.1	-66.6389
29226.6	-67.0094
29250	-67.982
29273.4	-67.4995
29296.9	-66.6189
29320.3	-66.9836
29343.8	-67.9664
29367.2	-67.4921
29390.6	-66.5993
29414.1	-66.9557
29437.5	-67.9433
29460.9	-67.4776
29484.4	-66.5741
29507.8	-66.9374
29531.2	-67.9248
29554.7	-67.4669
29578.1	-66.5507
29601.6	-66.9086
29625	-67.897
29648.4	-67.4475
29671.9	-66.5237
29695.3	-66.8835
29718.8	-67.8763
29742.2	-67.4327
29765.6	-66.5122
29789.1	-66.86
29812.5	-67.8607
29835.9	-67.4143
29859.4	-66.4908
29882.8	-66.8327
29906.2	-67.8399
29929.7	-67.3997
29953.1	-66.4398
29976.6	-66.8078
30000	-67.8138
30023.4	-67.3811
30046.9	-66.4454
30070.3	-66.7819
30093.8	-67.7896
30117.2	-67.3644
30140.6	-66.4259
30164.1	-66.7623
30187.5	-67.7663
30210.9	-67.3459
30234.4	-66.3991
30257.8	-66.7234
30281.2	-67.7437
30304.7	-67.3321
30328.1	-66.3774
30351.6	-66.6931
30375	-67.7187
30398.4	-67.3093
30421.9	-66.3496
30445.3	-66.6658
30468.8	-67.6917
30492.2	-67.2899
30515.6	-66.3138
30539.1	-66.6333
30562.5	-67.6724
30585.9	-67.2728
30609.4	-66.3013
30632.8	-66.6052
30656.2	-67.6411
30679.7	-67.2562
30703.1	-66.2774
30726.6	-66.5769
30750	-67.6127
30773.4	-67.2347
30796.9	-66.2569
30820.3	-66.5524
30843.8	-67.5812
30867.2	-67.2117
30890.6	-66.2213
30914.1	-66.5148
30937.5	-67.5686
30960.9	-67.1944
30984.4	-66.2009
31007.8	-66.4745
31031.2	-67.5369
31054.7	-67.1726
31078.1	-66.1712
31101.6	-66.4513
31125	-67.5049
31148.4	-67.1444
31171.9	-66.1447
31195.3	-66.4136
31218.8	-67.4838
31242.2	-67.1296
31265.6	-66.122
31289.1	-66.389
31312.5	-67.465
31335.9	-67.1091
31359.4	-66.0882
31382.8	-66.3558
31406.2	-67.4251
31429.7	-67.0836
31453.1	-66.0634
31476.6	-66.313
31500	-67.3948
31523.4	-67.0638
31546.9	-66.0451
31570.3	-66.2824
31593.8	-67.3598
31617.2	-67.0392
31640.6	-66.0003
31664.1	-66.243
31687.5	-67.3382
31710.9	-67.0151
31734.4	-65.9784
31757.8	-66.206
31781.2	-67.306
31804.7	-66.9848
31828.1	-65.9458
31851.6	-66.1848
31875	-67.2795
31898.4	-66.9694
31921.9	-65.9156
31945.3	-66.1404
31968.8	-67.2337
31992.2	-66.9392
32015.6	-65.8853
32039.1	-66.1061
32062.5	-67.2089
32085.9	-66.9069
32109.4	-65.8531
32132.8	-66.0676
32156.2	-67.1802
32179.7	-66.8928
32203.1	-65.8208
32226.6	-66.0239
32250	-67.1207
32273.4	-66.8613
32296.9	-65.7865
32320.3	-65.9939
32343.8	-67.1139
32367.2	-66.8247
32390.6	-65.7435
32414.1	-65.9466
32437.5	-67.0777
32460.9	-66.8106
32484.4	-65.7213
32507.8	-65.9062
32531.2	-67.0448
32554.7	-66.7881
32578.1	-65.6848
32601.6	-65.8764
32625	-67.0145
32648.4	-66.7521
32671.9	-65.6546
32695.3	-65.8355
32718.8	-66.9743
32742.2	-66.7224
32765.6	-65.6171
32789.1	-65.7979
32812.5	-66.9451
32835.9	-66.6961
32859.4	-65.5843
32882.8	-65.7581
32906.2	-66.9017
32929.7	-66.6712
32953.1	-65.5478
32976.6	-65.7119
33000	-66.8591
33023.4	-66.6385
33046.9	-65.4954
33070.3	-65.664
33093.8	-66.8289
33117.2	-66.619
33140.6	-65.48
33164.1	-65.623
33187.5	-66.7892
33210.9	-66.5778
33234.4	-65.4401
33257.8	-65.5731
33281.2	-66.7577
33304.7	-66.5484
33328.1	-65.3966
33351.6	-65.5343
33375	-66.716
33398.4	-66.5141
33421.9	-65.3739
33445.3	-65.4948
33468.8	-66.6701
33492.2	-66.4935
33515.6	-65.3102
33539.1	-65.4469
33562.5	-66.6342
33585.9	-66.4535
33609.4	-65.2804
33632.8	-65.4017
33656.2	-66.5986
33679.7	-66.4211
33703.1	-65.2485
33726.6	-65.3574
33750	-66.5565
33773.4	-66.3915
33796.9	-65.2028
33820.3	-65.3119
33843.8	-66.5065
33867.2	-66.3528
33890.6	-65.1655
33914.1	-65.2674
33937.5	-66.4661
33960.9	-66.3411
33984.4	-65.1226
34007.8	-65.2161
34031.2	-66.4329
34054.7	-66.2821
34078.1	-65.0806
34101.6	-65.1671
34125	-66.4015
34148.4	-66.2508
34171.9	-65.0442
34195.3	-65.1134
34218.8	-66.3379
34242.2	-66.218
34265.6	-64.9965
34289.1	-65.0695
34312.5	-66.298
34335.9	-66.1706
34359.4	-64.9645
34382.8	-65.0316
34406.2	-66.2489
34429.7	-66.1462
34453.1	-64.9202
34476.6	-64.9413
34500	-66.2221
34523.4	-66.0938
34546.9	-64.8582
34570.3	-64.9139
34593.8	-66.1612
34617.2	-66.075
34640.6	-64.8225
34664.1	-64.8601
34687.5	-66.1115
34710.9	-66.0329
34734.4	-64.7712
34757.8	-64.8123
34781.2	-66.0669
34804.7	-66.0023
34828.1	-64.716
34851.6	-64.7571
34875	-66.0136
34898.4	-65.9621
34921.9	-64.6836
34945.3	-64.7047
34968.8	-65.9654
34992.2	-65.9228
35015.6	-64.6303
35039.1	-64.648
35062.5	-65.9081
35085.9	-65.86
35109.4	-64.5872
35132.8	-64.5949
35156.2	-65.8766
35179.7	-65.8605
35203.1	-64.5458
35226.6	-64.5367
35250	-65.8056
35273.4	-65.7899
35296.9	-64.4934
35320.3	-64.4776
35343.8	-65.7698
35367.2	-65.7575
35390.6	-64.4377
35414.1	-64.4179
35437.5	-65.7231
35460.9	-65.7136
35484.4	-64.3878
35507.8	-64.3649
35531.2	-65.6795
35554.7	-65.6734
35578.1	-64.338
35601.6	-64.3023
35625	-65.6251
35648.4	-65.6314
35671.9	-64.2866
35695.3	-64.2486
35718.8	-65.5589
35742.2	-65.583
35765.6	-64.222
35789.1	-64.1881
35812.5	-65.5016
35835.9	-65.5388
35859.4	-64.1785
35882.8	-64.1197
35906.2	-65.4508
35929.7	-65.4934
35953.1	-64.1245
35976.6	-64.0624
36000	-65.3947
36023.4	-65.457
36046.9	-64.0739
36070.3	-64.0031
36093.8	-65.3404
36117.2	-65.4024
36140.6	-64.0172
36164.1	-63.9315
36187.5	-65.284
36210.9	-65.3627
36234.4	-63.9676
36257.8	-63.876
36281.2	-65.2262
36304.7	-65.3201
36328.1	-63.9116
36351.6	-63.8091
36375	-65.1677
36398.4	-65.2733
36421.9	-63.8461
36445.3	-63.7419
36468.8	-65.1101
36492.2	-65.2213
36515.6	-63.7861
36539.1	-63.674
36562.5	-65.0459
36585.9	-65.1665
36609.4	-63.7297
36632.8	-63.6009
36656.2	-65.0067
36679.7	-65.1163
36703.1	-63.6776
36726.6	-63.5392
36750	-64.9323
36773.4	-65.0771
36796.9	-63.6158
36820.3	-63.4691
36843.8	-64.8604
36867.2	-65.0266
36890.6	-63.5499
36914.1	-63.4057
36937.5	-64.8017
36960.9	-64.9772
36984.4	-63.4858
37007.8	-63.328
37031.2	-64.7376
37054.7	-64.9181
37078.1	-63.4273
37101.6	-63.2573
37125	-64.6665
37148.4	-64.8833
37171.9	-63.3559
37195.3	-63.1835
37218.8	-64.5857
37242.2	-64.8212
37265.6	-63.3001
37289.1	-63.1109
37312.5	-64.5375
37335.9	-64.7668
37359.4	-63.2497
37382.8	-63.0382
37406.2	-64.469
37429.7	-64.7146
37453.1	-63.1568
37476.6	-62.9653
37500	-64.3873
37523.4	-64.6454
37546.9	-63.1055
37570.3	-62.8856
37593.8	-64.3277
37617.2	-64.5983
37640.6	-63.0312
37664.1	-62.8066
37687.5	-64.2593
37710.9	-64.5473
37734.4	-62.9688
37757.8	-62.7284
37781.2	-64.189
37804.7	-64.4918
37828.1	-62.8943
37851.6	-62.6488
37875	-64.1136
37898.4	-64.435
37921.9	-62.8355
37945.3	-62.58
37968.8	-64.0443
37992.2	-64.3755
38015.6	-62.7566
38039.1	-62.4837
38062.5	-63.9713
38085.9	-64.3179
38109.4	-62.6853
38132.8	-62.4062
38156.2	-63.8952
38179.7	-64.2557
38203.1	-62.6175
38226.6	-62.3211
38250	-63.8163
38273.4	-64.2027
38296.9	-62.5388
38320.3	-62.2364
38343.8	-63.7339
38367.2	-64.1376
38390.6	-62.465
38414.1	-62.1515
38437.5	-63.6578
38460.9	-64.0769
38484.4	-62.39
38507.8	-62.0645
38531.2	-63.5773
38554.7	-64.0144
38578.1	-62.3092
38601.6	-61.9779
38625	-63.4948
38648.4	-63.9542
38671.9	-62.2335
38695.3	-61.8818
38718.8	-63.4172
38742.2	-63.8831
38765.6	-62.1572
38789.1	-61.7915
38812.5	-63.3306
38835.9	-63.8212
38859.4	-62.0817
38882.8	-61.6944
38906.2	-63.2563
38929.7	-63.7515
38953.1	-61.9956
38976.6	-61.6068
39000	-63.1639
39023.4	-63.6931
39046.9	-61.9109
39070.3	-61.5073
39093.8	-63.0742
39117.2	-63.6264
39140.6	-61.8197
39164.1	-61.4147
39187.5	-62.9911
39210.9	-63.5552
39234.4	-61.7489
39257.8	-61.3141
39281.2	-62.8961
39304.7	-63.4888
39328.1	-61.6572
39351.6	-61.2177
39375	-62.8076
39398.4	-63.4192
39421.9	-61.5722
39445.3	-61.1304
39468.8	-62.7079
39492.2	-63.345
39515.6	-61.4701
39539.1	-61.0152
39562.5	-62.6218
39585.9	-63.2608
39609.4	-61.3866
39632.8	-60.9161
39656.2	-62.5143
39679.7	-63.2073
39703.1	-61.3018
39726.6	-60.8029
39750	-62.4271
39773.4	-63.1314
39796.9	-61.2115
39820.3	-60.6974
39843.8	-62.3205
39867.2	-63.0537
39890.6	-61.1121
39914.1	-60.5869
39937.5	-62.2564
39960.9	-62.9802
39984.4	-61.0212
40007.8	-60.4772
40031.2	-62.1285
40054.7	-62.9056
40078.1	-60.9232
40101.6	-60.3629
40125	-62.0232
40148.4	-62.8242
40171.9	-60.8268
40195.3	-60.254
40218.8	-61.92
40242.2	-62.7488
40265.6	-60.726
40289.1	-60.1407
40312.5	-61.8177
40335.9	-62.6697
40359.4	-60.625
40382.8	-60.0174
40406.2	-61.708
40429.7	-62.5903
40453.1	-60.5246
40476.6	-59.8962
40500	-61.5961
40523.4	-62.5066
40546.9	-60.407
40570.3	-59.7748
40593.8	-61.4814
40617.2	-62.4232
40640.6	-60.3178
40664.1	-59.6525
40687.5	-61.3718
40710.9	-62.3415
40734.4	-60.2058
40757.8	-59.5293
40781.2	-61.255
40804.7	-62.2583
40828.1	-60.0974
40851.6	-59.3989
40875	-61.137
40898.4	-62.1747
40921.9	-59.9867
40945.3	-59.27
40968.8	-61.0182
40992.2	-62.0591
41015.6	-59.8737
41039.1	-59.1358
41062.5	-60.9036
41085.9	-61.9903
41109.4	-59.7605
41132.8	-59.0048
41156.2	-60.7709
41179.7	-61.9069
41203.1	-59.6435
41226.6	-58.8658
41250	-60.6475
41273.4	-61.8179
41296.9	-59.5217
41320.3	-58.7267
41343.8	-60.5113
41367.2	-61.7235
41390.6	-59.3981
41414.1	-58.5833
41437.5	-60.3811
41460.9	-61.628
41484.4	-59.2809
41507.8	-58.4413
41531.2	-60.2473
41554.7	-61.5411
41578.1	-59.1541
41601.6	-58.3006
41625	-60.1085
41648.4	-61.4461
41671.9	-59.0312
41695.3	-58.1428
41718.8	-59.9657
41742.2	-61.3432
41765.6	-58.8968
41789.1	-57.9846
41812.5	-59.8251
41835.9	-61.2449
41859.4	-58.7644
41882.8	-57.8389
41906.2	-59.6796
41929.7	-61.1489
41953.1	-58.6263
41976.6	-57.6715
42000	-59.531
42023.4	-61.0458
42046.9	-58.4875
42070.3	-57.5092
42093.8	-59.3804
42117.2	-60.9479
42140.6	-58.3533
42164.1	-57.3595
42187.5	-59.2243
42210.9	-60.8493
42234.4	-58.2093
42257.8	-57.1724
42281.2	-59.0655
42304.7	-60.7267
42328.1	-58.0574
42351.6	-57.0033
42375	-58.9022
42398.4	-60.6201
42421.9	-57.9157
42445.3	-56.8238
42468.8	-58.7369
42492.2	-60.5155
42515.6	-57.7622
42539.1	-56.6442
42562.5	-58.5641
42585.9	-60.4083
42609.4	-57.6105
42632.8	-56.4571
42656.2	-58.3914
42679.7	-60.2906
42703.1	-57.4453
42726.6	-56.268
42750	-58.2143
42773.4	-60.1796
42796.9	-57.2889
42820.3	-56.0737
42843.8	-58.0295
42867.2	-60.0607
42890.6	-57.1094
42914.1	-55.8769
42937.5	-57.8411
42960.9	-59.9442
42984.4	-56.953
43007.8	-55.6723
43031.2	-57.648
43054.7	-59.8189
43078.1	-56.7799
43101.6	-55.4627
43125	-57.4439
43148.4	-59.7002
43171.9	-56.6009
43195.3	-55.2493
43218.8	-57.2461
43242.2	-59.5798
43265.6	-56.4203
43289.1	-55.0279
43312.5	-57.0366
43335.9	-59.445
43359.4	-56.2336
43382.8	-54.8051
43406.2	-56.8223
43429.7	-59.3232
43453.1	-56.0425
43476.6	-54.5726
43500	-56.5987
43523.4	-59.1907
43546.9	-55.8468
43570.3	-54.3412
43593.8	-56.372
43617.2	-59.056
43640.6	-55.6411
43664.1	-54.0919
43687.5	-56.1347
43710.9	-58.9219
43734.4	-55.4334
43757.8	-53.8379
43781.2	-55.8918
43804.7	-58.7836
43828.1	-55.2217
43851.6	-53.5775
43875	-55.6392
43898.4	-58.6487
43921.9	-55.0039
43945.3	-53.3077
43968.8	-55.3788
43992.2	-58.5011
44015.6	-54.7743
44039.1	-53.0308
44062.5	-55.1128
44085.9	-58.3538
44109.4	-54.543
44132.8	-52.7451
44156.2	-54.8308
44179.7	-58.2072
44203.1	-54.2984
44226.6	-52.4494
44250	-54.5401
44273.4	-58.0544
44296.9	-54.0488
44320.3	-52.1395
44343.8	-54.2374
44367.2	-57.9013
44390.6	-53.7921
44414.1	-51.8261
44437.5	-53.9255
44460.9	-57.7439
44484.4	-53.5218
44507.8	-51.4945
44531.2	-53.5988
44554.7	-57.5816
44578.1	-53.2487
44601.6	-51.1542
44625	-53.2578
44648.4	-57.4121
44671.9	-52.9552
44695.3	-50.7965
44718.8	-52.8997
44742.2	-57.2458
44765.6	-52.6558
44789.1	-50.4257
44812.5	-52.5281
44835.9	-57.072
44859.4	-52.3423
44882.8	-50.0379
44906.2	-52.1362
44929.7	-56.8921
44953.1	-52.0143
44976.6	-49.6326
45000	-51.7241
45023.4	-56.7062
45046.9	-51.671
45070.3	-49.2051
45093.8	-51.2919
45117.2	-56.5177
45140.6	-51.3117
45164.1	-48.7602
45187.5	-50.8264
45210.9	-56.3194
45234.4	-50.933
45257.8	-48.2898
45281.2	-50.3502
45304.7	-56.116
45328.1	-50.5318
45351.6	-47.7957
45375	-49.8369
45398.4	-55.9047
45421.9	-50.1101
45445.3	-47.2665
45468.8	-49.2889
45492.2	-55.6773
45515.6	-49.6599
45539.1	-46.7076
45562.5	-48.7064
45585.9	-55.4403
45609.4	-49.1808
45632.8	-46.1116
45656.2	-48.0808
45679.7	-55.1838
45703.1	-48.6654
45726.6	-45.4724
45750	-47.4068
45773.4	-54.9087
45796.9	-48.1132
45820.3	-44.7863
45843.8	-46.6766
45867.2	-54.6041
45890.6	-47.5112
45914.1	-44.0429
45937.5	-45.8822
45960.9	-54.257
45984.4	-46.853
46007.8	-43.2323
46031.2	-45.0112
46054.7	-53.8608
46078.1	-46.1297
46101.6	-42.3419
46125	-44.051
46148.4	-53.3827
46171.9	-45.3225
46195.3	-41.3541
46218.8	-42.9777
46242.2	-52.8008
46265.6	-44.4077
46289.1	-40.246
46312.5	-41.7685
46335.9	-52.0604
46359.4	-43.3695
46382.8	-38.9818
46406.2	-40.3834
46429.7	-51.0867
46453.1	-42.1496
46476.6	-37.5121
46500	-38.7646
46523.4	-49.7714
46546.9	-40.6815
46570.3	-35.7558
46593.8	-36.8187
46617.2	-47.9573
46640.6	-38.8468
46664.1	-33.5725
46687.5	-34.3805
46710.9	-45.3946
46734.4	-36.4138
46757.8	-30.6802
46781.2	-31.1023
46804.7	-41.6223
46828.1	-32.8411
46851.6	-26.3738
46875	-26.0404
46898.4	-35.3269
46921.9	-26.2167
46945.3	-17.64
46968.8	-13.7718
46992.2	-12.2172
47015.6	-12.4837
47039.1	-14.6536
47062.5	-19.5414
47085.9	-32.0655
47109.4	-29.6431
47132.8	-25.2091
47156.2	-27.216
47179.7	-37.3772
47203.1	-35.2981
47226.6	-29.7667
47250	-30.9811
47273.4	-39.8628
47296.9	-38.8857
47320.3	-32.6835
47343.8	-33.3921
47367.2	-41.2232
47390.6	-41.5712
47414.1	-34.811
47437.5	-35.0905
47460.9	-41.9771
47484.4	-43.7341
47507.8	-36.4684
47531.2	-36.3348
47554.7	-42.3517
47578.1	-45.5386
47601.6	-37.808
47625	-37.253
47648.4	-42.4637
47671.9	-47.0433
47695.3	-38.915
47718.8	-37.9162
47742.2	-42.3793
47765.6	-48.2476
47789.1	-39.8395
47812.5	-38.3661
47835.9	-42.1363
47859.4	-49.1081
47882.8	-40.6104
47906.2	-38.6285
47929.7	-41.755
47953.1	-49.5616
47976.6	-41.2465
