0	0.994063
0.0833333	0.992678
0.166667	0.975116
0.25	0.941252
0.333333	0.891607
0.416667	0.827145
0.5	0.749054
0.583333	0.658817
0.666667	0.557944
0.75	0.44777
0.833333	0.330101
0.916667	0.207596
1	0.0823769
1.08333	-0.0439559
1.16667	-0.169169
1.25	-0.290944
1.33333	-0.407228
1.41667	-0.516078
1.5	-0.615665
1.58333	-0.704171
1.66667	-0.780314
1.75	-0.842766
1.83333	-0.890012
1.91667	-0.921822
2	-0.937931
2.08333	-0.937239
2.16667	-0.919973
2.25	-0.887148
2.33333	-0.838759
2.41667	-0.775354
2.5	-0.699106
2.58333	-0.610843
2.66667	-0.510891
2.75	-0.402448
2.83333	-0.287973
2.91667	-0.167833
3	-0.0443315
3.08333	0.0793157
3.16667	0.201712
3.25	0.320867
3.33333	0.433855
3.41667	0.539788
3.5	0.636858
3.58333	0.722045
3.66667	0.794494
3.75	0.853687
3.83333	0.898119
3.91667	0.926485
4	0.938741
4.08333	0.935037
4.16667	0.914921
4.25	0.878274
4.33333	0.825908
4.41667	0.759802
4.5	0.680894
4.58333	0.588864
4.66667	0.48548
4.75	0.37428
4.83333	0.257365
4.91667	0.134316
5	0.00722286
5.08333	-0.118522
5.16667	-0.242561
5.25	-0.365189
5.33333	-0.481114
5.41667	-0.587602
5.5	-0.685829
5.58333	-0.774111
5.66667	-0.848443
5.75	-0.90818
5.83333	-0.954016
5.91667	-0.983674
6	-0.996389
6.08333	-0.993371
6.16667	-0.973458
6.25	-0.93675
6.33333	-0.885671
6.41667	-0.819527
6.5	-0.738615
6.58333	-0.646474
6.66667	-0.543597
6.75	-0.430752
6.83333	-0.311558
6.91667	-0.188203
7	-0.061073
7.08333	0.0681227
7.16667	0.194715
7.25	0.316905
7.33333	0.435551
7.41667	0.546491
7.5	0.645747
7.58333	0.735165
7.66667	0.8138
7.75	0.876741
7.83333	0.924085
7.91667	0.957071
8	0.97352
8.08333	0.973186
8.16667	0.956539
8.25	0.923417
8.33333	0.875133
8.41667	0.812304
8.5	0.735251
8.58333	0.645942
8.66667	0.546603
8.75	0.438061
8.83333	0.321369
8.91667	0.200101
9	0.0773369
9.08333	-0.0472581
9.16667	-0.172298
9.25	-0.292985
9.33333	-0.40682
9.41667	-0.513098
9.5	-0.611423
9.58333	-0.700065
9.66667	-0.774767
9.75	-0.834529
9.83333	-0.880414
9.91667	-0.911074
10	-0.92552
10.0833	-0.92416
10.1667	-0.905966
10.25	-0.870767
10.3333	-0.82132
10.4167	-0.757718
10.5	-0.679212
10.5833	-0.589754
10.6667	-0.491355
10.75	-0.38175
10.8333	-0.263994
10.9167	-0.143345
11	-0.020296
11.0833	0.103811
11.1667	0.226668
11.25	0.34566
11.3333	0.458827
11.4167	0.566453
11.5	0.664086
11.5833	0.747533
11.6667	0.819799
11.75	0.88013
11.8333	0.92338
11.9167	0.951085
12	0.964665
12.0833	0.960064
12.1667	0.937424
12.25	0.900407
12.3333	0.84921
12.4167	0.782497
12.5	0.701363
12.5833	0.607911
12.6667	0.503871
12.75	0.392127
12.8333	0.273982
12.9167	0.148731
13	0.0210997
13.0833	-0.104237
13.1667	-0.230861
13.25	-0.356272
13.3333	-0.472419
13.4167	-0.580577
13.5	-0.681104
13.5833	-0.769412
13.6667	-0.844831
13.75	-0.907191
13.8333	-0.954634
13.9167	-0.985752
14	-1
14.0833	-0.99765
14.1667	-0.979395
14.25	-0.94568
14.3333	-0.895417
14.4167	-0.829124
14.5	-0.750266
14.5833	-0.65998
14.6667	-0.557672
14.75	-0.446558
14.8333	-0.330324
14.9167	-0.206947
15	-0.078314
15.0833	0.0482969
15.1667	0.173016
15.25	0.295805
15.3333	0.412373
15.4167	0.521718
15.5	0.622165
15.5833	0.711251
15.6667	0.788211
15.75	0.851597
15.8333	0.899053
15.9167	0.930319
16	0.947251
16.0833	0.947931
16.1667	0.930362
16.25	0.897581
16.3333	0.849754
16.4167	0.786195
16.5	0.710113
16.5833	0.622035
16.6667	0.523165
16.75	0.415644
16.8333	0.298863
16.9167	0.177518
17	0.0563856
17.0833	-0.0673189
17.1667	-0.19137
17.25	-0.308668
17.3333	-0.421785
17.4167	-0.531038
17.5	-0.627387
17.5833	-0.711171
17.6667	-0.785342
17.75	-0.844819
17.8333	-0.888849
17.9167	-0.918817
18	-0.931803
18.0833	-0.927746
18.1667	-0.908304
18.25	-0.872486
18.3333	-0.820714
18.4167	-0.755386
18.5	-0.677629
18.5833	-0.586304
18.6667	-0.482784
18.75	-0.372202
18.8333	-0.256054
18.9167	-0.133537
19	-0.0081629
19.0833	0.115913
19.1667	0.240532
19.25	0.363421
19.3333	0.47686
19.4167	0.583224
19.5	0.682539
19.5833	0.768026
19.6667	0.841047
19.75	0.901947
19.8333	0.946323
19.9167	0.974398
20	0.988127
20.0833	0.984565
20.1667	0.96297
20.25	0.926683
20.3333	0.874416
20.4167	0.807183
20.5	0.726823
20.5833	0.634118
20.6667	0.532376
20.75	0.418931
20.8333	0.296689
20.9167	0.173696
21	0.0481423
21.0833	-0.0819811
21.1667	-0.208839
21.25	-0.329038
21.3333	-0.449171
21.4167	-0.561453
21.5	-0.6598
21.5833	-0.750031
21.6667	-0.826477
21.75	-0.888466
21.8333	-0.938358
21.9167	-0.970144
22	-0.985406
22.0833	-0.986049
22.1667	-0.968115
22.25	-0.933411
22.3333	-0.886561
22.4167	-0.824301
22.5	-0.744527
22.5833	-0.654315
22.6667	-0.555124
22.75	-0.445643
22.8333	-0.328741
22.9167	-0.207757
23	-0.0849185
23.0833	0.0426818
23.1667	0.169305
23.25	0.288174
23.3333	0.402899
23.4167	0.511811
23.5	0.610359
23.5833	0.697306
23.6667	0.773394
23.75	0.836298
23.8333	0.88248
23.9167	0.912596
24	0.927499
24.0833	0.927647
24.1667	0.910258
24.25	0.875343
24.3333	0.827034
24.4167	0.763178
24.5	0.685761
24.5833	0.597571
24.6667	0.49752
24.75	0.390457
24.8333	0.274754
24.9167	0.150939
25	0.029003
25.0833	-0.0920547
25.1667	-0.2172
25.25	-0.336681
25.3333	-0.44581
25.4167	-0.55484
25.5	-0.654427
25.5833	-0.735239
25.6667	-0.808432
25.75	-0.869196
25.8333	-0.910827
25.9167	-0.939898
26	-0.953336
26.0833	-0.947374
26.1667	-0.927066
26.25	-0.890964
26.3333	-0.836928
26.4167	-0.771013
26.5	-0.691073
26.5833	-0.597491
26.6667	-0.497057
26.75	-0.384223
26.8333	-0.262696
26.9167	-0.140661
27	-0.0145572
27.0833	0.113322
27.1667	0.237873
27.25	0.358745
27.3333	0.477132
27.4167	0.587417
27.5	0.68474
27.5833	0.772058
27.6667	0.847849
27.75	0.909071
27.8333	0.954981
27.9167	0.98553
28	1
28.0833	0.997131
28.1667	0.977565
28.25	0.941401
28.3333	0.891582
28.4167	0.827393
28.5	0.745319
28.5833	0.653004
28.6667	0.552255
28.75	0.439681
28.8333	0.32085
28.9167	0.198419
29	0.072229
29.0833	-0.0567443
29.1667	-0.184697
29.25	-0.307196
29.3333	-0.422737
29.4167	-0.532825
29.5	-0.635182
29.5833	-0.722401
29.6667	-0.799552
29.75	-0.866278
29.8333	-0.911959
29.9167	-0.942959
30	-0.961758
30.0833	-0.960806
30.1667	-0.944097
30.25	-0.912806
30.3333	-0.862703
30.4167	-0.799491
30.5	-0.725481
30.5833	-0.634724
30.6667	-0.5351
30.75	-0.431308
30.8333	-0.312502
30.9167	-0.18863
31	-0.0695451
31.0833	0.0548396
31.1667	0.179731
31.25	0.297623
31.3333	0.412707
31.4167	0.519813
31.5	0.614342
31.5833	0.702643
31.6667	0.778811
31.75	0.836174
31.8333	0.881243
31.9167	0.911928
32	0.92505
32.0833	0.922886
32.1667	0.903666
32.25	0.868071
32.3333	0.817882
32.4167	0.753111
32.5	0.674079
32.5833	0.584102
32.6667	0.485418
32.75	0.373958
32.8333	0.254582
32.9167	0.135058
33	0.012368
33.0833	-0.11475
33.1667	-0.238009
33.25	-0.35438
33.3333	-0.471269
33.4167	-0.581109
33.5	-0.675563
33.5833	-0.759839
33.6667	-0.833008
33.75	-0.893833
33.8333	-0.938383
33.9167	-0.9649
34	-0.978777
34.0833	-0.974955
34.1667	-0.951691
34.25	-0.915663
34.3333	-0.864831
34.4167	-0.796906
34.5	-0.715654
34.5833	-0.622384
34.6667	-0.518039
34.75	-0.407178
34.8333	-0.287605
34.9167	-0.161557
35	-0.0376853
35.0833	0.0916466
35.1667	0.222951
35.25	0.342664
35.3333	0.458264
35.4167	0.571277
35.5	0.670431
35.5833	0.757415
35.6667	0.837003
35.75	0.900314
35.8333	0.945482
35.9167	0.978059
36	0.993148
36.0833	0.991812
36.1667	0.976254
36.25	0.940906
36.3333	0.889876
36.4167	0.827145
36.5	0.74945
36.5833	0.657679
36.6667	0.557548
36.75	0.449996
36.8333	0.330225
36.9167	0.205481
37	0.082686
37.0833	-0.04309
37.1667	-0.169367
37.25	-0.290437
37.3333	-0.407005
37.4167	-0.516252
37.5	-0.613563
37.5833	-0.703255
37.6667	-0.78212
37.75	-0.841826
37.8333	-0.888243
37.9167	-0.92202
38	-0.936911
38.0833	-0.936126
38.1667	-0.920394
38.25	-0.885819
38.3333	-0.836817
38.4167	-0.775902
38.5	-0.697381
38.5833	-0.608402
38.6667	-0.513541
38.75	-0.401933
38.8333	-0.283523
38.9167	-0.16784
39	-0.0442372
39.0833	0.0820985
39.1667	0.20153
39.25	0.319536
39.3333	0.436232
39.4167	0.54196
39.5	0.637315
39.5833	0.723038
39.6667	0.794574
39.75	0.854775
39.8333	0.899733
39.9167	0.92651
40	0.939174
40.0833	0.936398
40.1667	0.91677
40.25	0.877421
40.3333	0.823534
40.4167	0.763951
40.5	0.684172
40.5833	0.583731
40.6667	0.487187
40.75	0.381317
40.8333	0.25196
40.9167	0.127823
41	0.0147054
41.0833	-0.113581
41.1667	-0.249511
41.25	-0.36509
41.3333	-0.474695
41.4167	-0.591832
41.5	-0.691246
41.5833	-0.769609
41.6667	-0.845277
41.75	-0.911643
41.8333	-0.955253
41.9167	-0.982932
42	-0.997032
42.0833	-0.992555
42.1667	-0.975264
42.25	-0.939298
42.3333	-0.882504
42.4167	-0.821097
42.5	-0.744527
42.5833	-0.642158
42.6667	-0.538972
42.75	-0.438445
42.8333	-0.316082
42.9167	-0.182638
43	-0.0624583
43.0833	0.0617965
43.1667	0.197875
43.25	0.321308
43.3333	0.430183
43.4167	0.54027
43.5	0.648694
43.5833	0.737416
43.6667	0.808865
43.75	0.875547
43.8333	0.926633
43.9167	0.955129
44	0.970391
44.0833	0.972791
44.1667	0.95743
44.25	0.923541
44.3333	0.871348
44.4167	0.809237
44.5	0.739135
44.5833	0.646548
44.6667	0.540728
44.75	0.439459
44.8333	0.325599
44.9167	0.195142
45	0.0716106
45.0833	-0.0435477
45.1667	-0.167747
45.25	-0.297054
45.3333	-0.408502
45.4167	-0.509734
45.5	-0.614639
45.5833	-0.703614
45.6667	-0.771044
45.75	-0.831697
45.8333	-0.882492
45.9167	-0.913189
46	-0.925359
46.0833	-0.921872
46.1667	-0.904284
46.25	-0.873451
46.3333	-0.821802
46.4167	-0.753902
46.5	-0.681469
46.5833	-0.59302
46.6667	-0.485295
46.75	-0.376073
46.8333	-0.268558
46.9167	-0.148267
47	-0.0152373
47.0833	0.106698
47.1667	0.221393
47.25	0.349309
47.3333	0.468276
47.4167	0.561531
47.5	0.65716
47.5833	0.754991
47.6667	0.822915
47.75	0.875801
47.8333	0.927548
47.9167	0.95362
48	0.96208
48.0833	0.962327
48.1667	0.938012
48.25	0.901322
48.3333	0.854819
48.4167	0.779356
48.5	0.695433
48.5833	0.615826
48.6667	0.509325
48.75	0.385596
48.8333	0.276523
48.9167	0.156003
49	0.0159237
49.0833	-0.109333
49.1667	-0.22519
49.25	-0.351238
